Interval=	0.0005 s
ExcelDateTime=	4.5061542499698298e+004	5/15/2023 13:01:11.973933
TimeFormat=	StartOfBlock
DateFormat=	
ChannelTitle=	Channel 1
Range=	10.000 mV
14.615	-0.981
14.6155	-1.028
14.616	-1.072
14.6165	-1.108
14.617	-1.131
14.6175	-1.142
14.618	-1.144
14.6185	-1.134
14.619	-1.115
14.6195	-1.092
14.62	-1.067
14.6205	-1.040
14.621	-1.005
14.6215	-0.955
14.622	-0.893
14.6225	-0.833
14.623	-0.791
14.6235	-0.781
14.624	-0.812
14.6245	-0.885
14.625	-1.018
14.6255	-1.204
14.626	-1.389
14.6265	-1.532
14.627	-1.603
14.6275	-1.581
14.628	-1.462
14.6285	-1.252
14.629	-0.989
14.6295	-0.725
14.63	-0.506
14.6305	-0.355
14.631	-0.267
14.6315	-0.244
14.632	-0.282
14.6325	-0.364
14.633	-0.466
14.6335	-0.561
14.634	-0.637
14.6345	-0.697
14.635	-0.747
14.6355	-0.787
14.636	-0.812
14.6365	-0.816
14.637	-0.799
14.6375	-0.764
14.638	-0.727
14.6385	-0.707
14.639	-0.710
14.6395	-0.731
14.64	-0.762
14.6405	-0.790
14.641	-0.803
14.6415	-0.795
14.642	-0.777
14.6425	-0.759
14.643	-0.742
14.6435	-0.721
14.644	-0.695
14.6445	-0.659
14.645	-0.622
14.6455	-0.593
14.646	-0.562
14.6465	-0.532
14.647	-0.515
14.6475	-0.502
14.648	-0.482
14.6485	-0.464
14.649	-0.459
14.6495	-0.469
14.65	-0.490
14.6505	-0.514
14.651	-0.528
14.6515	-0.520
14.652	-0.488
14.6525	-0.439
14.653	-0.387
14.6535	-0.343
14.654	-0.311
14.6545	-0.288
14.655	-0.268
14.6555	-0.252
14.656	-0.233
14.6565	-0.210
14.657	-0.192
14.6575	-0.180
14.658	-0.175
14.6585	-0.164
14.659	-0.142
14.6595	-0.127
14.66	-0.140
14.6605	-0.173
14.661	-0.204
14.6615	-0.219
14.662	-0.208
14.6625	-0.172
14.663	-0.131
14.6635	-0.104
14.664	-0.102
14.6645	-0.112
14.665	-0.134
14.6655	-0.176
14.666	-0.215
14.6665	-0.249
14.667	-0.287
14.6675	-0.318
14.668	-0.336
14.6685	-0.340
14.669	-0.328
14.6695	-0.316
14.67	-0.317
14.6705	-0.327
14.671	-0.336
14.6715	-0.336
14.672	-0.324
14.6725	-0.301
14.673	-0.269
14.6735	-0.218
14.674	-0.146
14.6745	-0.063
14.675	0.013
14.6755	0.073
14.676	0.119
14.6765	0.154
14.677	0.180
14.6775	0.200
14.678	0.205
14.6785	0.190
14.679	0.155
14.6795	0.110
14.68	0.061
14.6805	0.020
14.681	0.001
14.6815	0.013
14.682	0.052
14.6825	0.101
14.683	0.145
14.6835	0.179
14.684	0.197
14.6845	0.206
14.685	0.204
14.6855	0.187
14.686	0.171
14.6865	0.165
14.687	0.154
14.6875	0.122
14.688	0.066
14.6885	-0.006
14.689	-0.081
14.6895	-0.140
14.69	-0.176
14.6905	-0.186
14.691	-0.173
14.6915	-0.146
14.692	-0.111
14.6925	-0.072
14.693	-0.032
14.6935	0.011
14.694	0.051
14.6945	0.082
14.695	0.105
14.6955	0.129
14.696	0.161
14.6965	0.193
14.697	0.219
14.6975	0.240
14.698	0.258
14.6985	0.276
14.699	0.301
14.6995	0.341
14.7	0.383
14.7005	0.402
14.701	0.388
14.7015	0.342
14.702	0.263
14.7025	0.157
14.703	0.017
14.7035	-0.180
14.704	-0.440
14.7045	-0.726
14.705	-0.976
14.7055	-1.137
14.706	-1.165
14.7065	-1.050
14.707	-0.822
14.7075	-0.526
14.708	-0.226
14.7085	0.026
14.709	0.197
14.7095	0.281
14.71	0.295
14.7105	0.267
14.711	0.224
14.7115	0.188
14.712	0.162
14.7125	0.148
14.713	0.129
14.7135	0.100
14.714	0.065
14.7145	0.031
14.715	0.008
14.7155	-0.013
14.716	-0.032
14.7165	-0.044
14.717	-0.049
14.7175	-0.053
14.718	-0.062
14.7185	-0.067
14.719	-0.058
14.7195	-0.039
14.72	-0.014
14.7205	0.009
14.721	0.032
14.7215	0.059
14.722	0.091
14.7225	0.129
14.723	0.168
14.7235	0.200
14.724	0.220
14.7245	0.222
14.725	0.200
14.7255	0.171
14.726	0.161
14.7265	0.166
14.727	0.173
14.7275	0.180
14.728	0.189
14.7285	0.199
14.729	0.207
14.7295	0.211
14.73	0.210
14.7305	0.207
14.731	0.206
14.7315	0.196
14.732	0.162
14.7325	0.100
14.733	0.022
14.7335	-0.058
14.734	-0.131
14.7345	-0.186
14.735	-0.225
14.7355	-0.252
14.736	-0.271
14.7365	-0.282
14.737	-0.292
14.7375	-0.304
14.738	-0.311
14.7385	-0.309
14.739	-0.296
14.7395	-0.273
14.74	-0.246
14.7405	-0.218
14.741	-0.187
14.7415	-0.151
14.742	-0.108
14.7425	-0.065
14.743	-0.026
14.7435	0.010
14.744	0.042
14.7445	0.074
14.745	0.089
14.7455	0.086
14.746	0.092
14.7465	0.093
14.747	0.082
14.7475	0.060
14.748	0.024
14.7485	-0.018
14.749	-0.061
14.7495	-0.106
14.75	-0.156
14.7505	-0.206
14.751	-0.249
14.7515	-0.279
14.752	-0.298
14.7525	-0.308
14.753	-0.316
14.7535	-0.321
14.754	-0.326
14.7545	-0.331
14.755	-0.335
14.7555	-0.340
14.756	-0.345
14.7565	-0.346
14.757	-0.339
14.7575	-0.322
14.758	-0.302
14.7585	-0.289
14.759	-0.292
14.7595	-0.305
14.76	-0.316
14.7605	-0.316
14.761	-0.305
14.7615	-0.283
14.762	-0.253
14.7625	-0.217
14.763	-0.181
14.7635	-0.145
14.764	-0.109
14.7645	-0.069
14.765	-0.039
14.7655	-0.022
14.766	0.011
14.7665	0.046
14.767	0.075
14.7675	0.095
14.768	0.103
14.7685	0.108
14.769	0.107
14.7695	0.099
14.77	0.088
14.7705	0.075
14.771	0.054
14.7715	0.023
14.772	-0.009
14.7725	-0.034
14.773	-0.050
14.7735	-0.058
14.774	-0.061
14.7745	-0.066
14.775	-0.083
14.7755	-0.114
14.776	-0.152
14.7765	-0.183
14.777	-0.207
14.7775	-0.222
14.778	-0.230
14.7785	-0.229
14.779	-0.214
14.7795	-0.182
14.78	-0.144
14.7805	-0.119
14.781	-0.126
14.7815	-0.179
14.782	-0.288
14.7825	-0.452
14.783	-0.663
14.7835	-0.897
14.784	-1.109
14.7845	-1.258
14.785	-1.326
14.7855	-1.294
14.786	-1.144
14.7865	-0.920
14.787	-0.676
14.7875	-0.452
14.788	-0.279
14.7885	-0.169
14.789	-0.122
14.7895	-0.124
14.79	-0.159
14.7905	-0.207
14.791	-0.248
14.7915	-0.278
14.792	-0.290
14.7925	-0.293
14.793	-0.298
14.7935	-0.308
14.794	-0.320
14.7945	-0.327
14.795	-0.324
14.7955	-0.309
14.796	-0.278
14.7965	-0.238
14.797	-0.192
14.7975	-0.143
14.798	-0.099
14.7985	-0.061
14.799	-0.031
14.7995	-0.009
14.8	0.011
14.8005	0.034
14.801	0.061
14.8015	0.092
14.802	0.124
14.8025	0.155
14.803	0.187
14.8035	0.230
14.804	0.282
14.8045	0.326
14.805	0.331
14.8055	0.295
14.806	0.247
14.8065	0.186
14.807	0.115
14.8075	0.045
14.808	-0.023
14.8085	-0.085
14.809	-0.139
14.8095	-0.175
14.81	-0.194
14.8105	-0.203
14.811	-0.207
14.8115	-0.211
14.812	-0.215
14.8125	-0.206
14.813	-0.185
14.8135	-0.169
14.814	-0.166
14.8145	-0.166
14.815	-0.160
14.8155	-0.142
14.816	-0.110
14.8165	-0.069
14.817	-0.027
14.8175	0.011
14.818	0.046
14.8185	0.081
14.819	0.112
14.8195	0.146
14.82	0.183
14.8205	0.222
14.821	0.262
14.8215	0.300
14.822	0.329
14.8225	0.342
14.823	0.341
14.8235	0.341
14.824	0.352
14.8245	0.374
14.825	0.381
14.8255	0.366
14.826	0.356
14.8265	0.343
14.827	0.323
14.8275	0.295
14.828	0.255
14.8285	0.198
14.829	0.129
14.8295	0.059
14.83	-0.006
14.8305	-0.060
14.831	-0.107
14.8315	-0.151
14.832	-0.189
14.8325	-0.216
14.833	-0.236
14.8335	-0.253
14.834	-0.266
14.8345	-0.268
14.835	-0.260
14.8355	-0.248
14.836	-0.235
14.8365	-0.220
14.837	-0.205
14.8375	-0.197
14.838	-0.200
14.8385	-0.207
14.839	-0.215
14.8395	-0.223
14.84	-0.226
14.8405	-0.217
14.841	-0.203
14.8415	-0.186
14.842	-0.171
14.8425	-0.161
14.843	-0.152
14.8435	-0.132
14.844	-0.106
14.8445	-0.083
14.845	-0.091
14.8455	-0.119
14.846	-0.134
14.8465	-0.145
14.847	-0.152
14.8475	-0.149
14.848	-0.135
14.8485	-0.115
14.849	-0.092
14.8495	-0.066
14.85	-0.035
14.8505	-0.005
14.851	0.022
14.8515	0.045
14.852	0.066
14.8525	0.085
14.853	0.105
14.8535	0.124
14.854	0.139
14.8545	0.151
14.855	0.158
14.8555	0.160
14.856	0.159
14.8565	0.152
14.857	0.138
14.8575	0.128
14.858	0.126
14.8585	0.133
14.859	0.144
14.8595	0.150
14.86	0.140
14.8605	0.100
14.861	0.015
14.8615	-0.132
14.862	-0.348
14.8625	-0.617
14.863	-0.890
14.8635	-1.100
14.864	-1.196
14.8645	-1.150
14.865	-0.978
14.8655	-0.714
14.866	-0.407
14.8665	-0.124
14.867	0.089
14.8675	0.207
14.868	0.233
14.8685	0.186
14.869	0.096
14.8695	-0.004
14.87	-0.093
14.8705	-0.173
14.871	-0.252
14.8715	-0.329
14.872	-0.398
14.8725	-0.451
14.873	-0.481
14.8735	-0.489
14.874	-0.481
14.8745	-0.466
14.875	-0.449
14.8755	-0.429
14.876	-0.402
14.8765	-0.368
14.877	-0.321
14.8775	-0.269
14.878	-0.223
14.8785	-0.187
14.879	-0.157
14.8795	-0.126
14.88	-0.100
14.8805	-0.076
14.881	-0.048
14.8815	-0.016
14.882	0.024
14.8825	0.068
14.883	0.114
14.8835	0.163
14.884	0.216
14.8845	0.268
14.885	0.298
14.8855	0.309
14.886	0.317
14.8865	0.314
14.887	0.303
14.8875	0.291
14.888	0.280
14.8885	0.274
14.889	0.273
14.8895	0.271
14.89	0.263
14.8905	0.246
14.891	0.223
14.8915	0.196
14.892	0.166
14.8925	0.136
14.893	0.107
14.8935	0.083
14.894	0.064
14.8945	0.046
14.895	0.025
14.8955	0.007
14.896	-0.002
14.8965	-0.003
14.897	-0.002
14.8975	-0.003
14.898	-0.011
14.8985	-0.024
14.899	-0.043
14.8995	-0.067
14.9	-0.093
14.9005	-0.117
14.901	-0.138
14.9015	-0.153
14.902	-0.160
14.9025	-0.159
14.903	-0.148
14.9035	-0.130
14.904	-0.109
14.9045	-0.090
14.905	-0.091
14.9055	-0.102
14.906	-0.100
14.9065	-0.097
14.907	-0.096
14.9075	-0.095
14.908	-0.092
14.9085	-0.087
14.909	-0.084
14.9095	-0.082
14.91	-0.076
14.9105	-0.064
14.911	-0.048
14.9115	-0.031
14.912	-0.013
14.9125	0.016
14.913	0.062
14.9135	0.125
14.914	0.196
14.9145	0.264
14.915	0.315
14.9155	0.343
14.916	0.354
14.9165	0.352
14.917	0.345
14.9175	0.334
14.918	0.320
14.9185	0.300
14.919	0.278
14.9195	0.257
14.92	0.244
14.9205	0.240
14.921	0.243
14.9215	0.250
14.922	0.258
14.9225	0.263
14.923	0.257
14.9235	0.236
14.924	0.199
14.9245	0.150
14.925	0.085
14.9255	0.013
14.926	-0.048
14.9265	-0.107
14.927	-0.158
14.9275	-0.197
14.928	-0.223
14.9285	-0.233
14.929	-0.230
14.9295	-0.225
14.93	-0.224
14.9305	-0.227
14.931	-0.234
14.9315	-0.243
14.932	-0.252
14.9325	-0.256
14.933	-0.252
14.9335	-0.235
14.934	-0.205
14.9345	-0.171
14.935	-0.143
14.9355	-0.124
14.936	-0.110
14.9365	-0.093
14.937	-0.076
14.9375	-0.054
14.938	-0.031
14.9385	-0.015
14.939	-0.014
14.9395	-0.037
14.94	-0.092
14.9405	-0.191
14.941	-0.347
14.9415	-0.556
14.942	-0.784
14.9425	-0.974
14.943	-1.078
14.9435	-1.062
14.944	-0.917
14.9445	-0.668
14.945	-0.386
14.9455	-0.124
14.946	0.097
14.9465	0.248
14.947	0.327
14.9475	0.341
14.948	0.306
14.9485	0.241
14.949	0.164
14.9495	0.092
14.95	0.035
14.9505	-0.003
14.951	-0.028
14.9515	-0.047
14.952	-0.067
14.9525	-0.090
14.953	-0.115
14.9535	-0.133
14.954	-0.134
14.9545	-0.122
14.955	-0.106
14.9555	-0.090
14.956	-0.067
14.9565	-0.044
14.957	-0.023
14.9575	-0.009
14.958	-0.009
14.9585	-0.008
14.959	-0.003
14.9595	-0.001
14.96	0.010
14.9605	0.032
14.961	0.065
14.9615	0.100
14.962	0.131
14.9625	0.149
14.963	0.154
14.9635	0.151
14.964	0.144
14.9645	0.135
14.965	0.113
14.9655	0.085
14.966	0.058
14.9665	0.026
14.967	-0.004
14.9675	-0.025
14.968	-0.036
14.9685	-0.039
14.969	-0.039
14.9695	-0.036
14.97	-0.027
14.9705	-0.013
14.971	-0.000
14.9715	0.009
14.972	0.022
14.9725	0.046
14.973	0.080
14.9735	0.115
14.974	0.147
14.9745	0.177
14.975	0.208
14.9755	0.235
14.976	0.257
14.9765	0.274
14.977	0.283
14.9775	0.281
14.978	0.274
14.9785	0.263
14.979	0.251
14.9795	0.240
14.98	0.233
14.9805	0.231
14.981	0.241
14.9815	0.265
14.982	0.298
14.9825	0.327
14.983	0.342
14.9835	0.338
14.984	0.320
14.9845	0.291
14.985	0.237
14.9855	0.171
14.986	0.104
14.9865	0.032
14.987	-0.034
14.9875	-0.089
14.988	-0.132
14.9885	-0.170
14.989	-0.213
14.9895	-0.252
14.99	-0.280
14.9905	-0.294
14.991	-0.301
14.9915	-0.301
14.992	-0.295
14.9925	-0.285
14.993	-0.275
14.9935	-0.262
14.994	-0.249
14.9945	-0.241
14.995	-0.240
14.9955	-0.241
14.996	-0.233
14.9965	-0.214
14.997	-0.187
14.9975	-0.160
14.998	-0.134
14.9985	-0.116
14.999	-0.108
14.9995	-0.104
15	-0.104
15.0005	-0.105
15.001	-0.102
15.0015	-0.090
15.002	-0.066
15.0025	-0.029
15.003	0.020
15.0035	0.070
15.004	0.114
15.0045	0.147
15.005	0.155
15.0055	0.155
15.006	0.163
15.0065	0.162
15.007	0.156
15.0075	0.144
15.008	0.127
15.0085	0.108
15.009	0.091
15.0095	0.078
15.01	0.067
15.0105	0.057
15.011	0.046
15.0115	0.035
15.012	0.028
15.0125	0.026
15.013	0.025
15.0135	0.021
15.014	0.014
15.0145	0.004
15.015	-0.006
15.0155	-0.020
15.016	-0.034
15.0165	-0.044
15.017	-0.049
15.0175	-0.049
15.018	-0.044
15.0185	-0.041
15.019	-0.061
15.0195	-0.119
15.02	-0.222
15.0205	-0.376
15.021	-0.584
15.0215	-0.826
15.022	-1.048
15.0225	-1.207
15.023	-1.273
15.0235	-1.223
15.024	-1.054
15.0245	-0.796
15.025	-0.516
15.0255	-0.258
15.026	-0.055
15.0265	0.059
15.027	0.088
15.0275	0.052
15.028	-0.022
15.0285	-0.113
15.029	-0.212
15.0295	-0.314
15.03	-0.407
15.0305	-0.483
15.031	-0.539
15.0315	-0.571
15.032	-0.584
15.0325	-0.581
15.033	-0.567
15.0335	-0.543
15.034	-0.511
15.0345	-0.472
15.035	-0.432
15.0355	-0.391
15.036	-0.353
15.0365	-0.324
15.037	-0.300
15.0375	-0.270
15.038	-0.234
15.0385	-0.192
15.039	-0.147
15.0395	-0.105
15.04	-0.062
15.0405	-0.022
15.041	0.018
15.0415	0.056
15.042	0.084
15.0425	0.103
15.043	0.113
15.0435	0.114
15.044	0.112
15.0445	0.111
15.045	0.105
15.0455	0.110
15.046	0.134
15.0465	0.163
15.047	0.194
15.0475	0.224
15.048	0.250
15.0485	0.265
15.049	0.270
15.0495	0.273
15.05	0.283
15.0505	0.300
15.051	0.321
15.0515	0.339
15.052	0.351
15.0525	0.363
15.053	0.372
15.0535	0.375
15.054	0.370
15.0545	0.359
15.055	0.347
15.0555	0.337
15.056	0.330
15.0565	0.329
15.057	0.333
15.0575	0.340
15.058	0.354
15.0585	0.374
15.059	0.390
15.0595	0.390
15.06	0.374
15.0605	0.348
15.061	0.323
15.0615	0.303
15.062	0.284
15.0625	0.258
15.063	0.221
15.0635	0.177
15.064	0.131
15.0645	0.091
15.065	0.052
15.0655	0.015
15.066	-0.021
15.0665	-0.059
15.067	-0.094
15.0675	-0.119
15.068	-0.129
15.0685	-0.125
15.069	-0.105
15.0695	-0.068
15.07	-0.028
15.0705	-0.000
15.071	0.017
15.0715	0.027
15.072	0.039
15.0725	0.058
15.073	0.085
15.0735	0.117
15.074	0.150
15.0745	0.184
15.075	0.219
15.0755	0.250
15.076	0.280
15.0765	0.307
15.077	0.328
15.0775	0.336
15.078	0.332
15.0785	0.321
15.079	0.307
15.0795	0.292
15.08	0.284
15.0805	0.288
15.081	0.304
15.0815	0.330
15.082	0.360
15.0825	0.384
15.083	0.394
15.0835	0.385
15.084	0.360
15.0845	0.319
15.085	0.265
15.0855	0.217
15.086	0.175
15.0865	0.127
15.087	0.078
15.0875	0.031
15.088	-0.013
15.0885	-0.049
15.089	-0.079
15.0895	-0.103
15.09	-0.123
15.0905	-0.136
15.091	-0.144
15.0915	-0.145
15.092	-0.142
15.0925	-0.136
15.093	-0.119
15.0935	-0.087
15.094	-0.042
15.0945	0.011
15.095	0.073
15.0955	0.133
15.096	0.185
15.0965	0.227
15.097	0.262
15.0975	0.284
15.098	0.284
15.0985	0.252
15.099	0.180
15.0995	0.058
15.1	-0.120
15.1005	-0.344
15.101	-0.570
15.1015	-0.744
15.102	-0.823
15.1025	-0.781
15.103	-0.620
15.1035	-0.367
15.104	-0.072
15.1045	0.203
15.105	0.404
15.1055	0.530
15.106	0.589
15.1065	0.578
15.107	0.515
15.1075	0.418
15.108	0.306
15.1085	0.191
15.109	0.081
15.1095	-0.020
15.11	-0.108
15.1105	-0.181
15.111	-0.236
15.1115	-0.274
15.112	-0.298
15.1125	-0.314
15.113	-0.325
15.1135	-0.328
15.114	-0.319
15.1145	-0.297
15.115	-0.267
15.1155	-0.235
15.116	-0.199
15.1165	-0.157
15.117	-0.116
15.1175	-0.082
15.118	-0.059
15.1185	-0.051
15.119	-0.042
15.1195	-0.024
15.12	-0.005
15.1205	0.012
15.121	0.027
15.1215	0.046
15.122	0.076
15.1225	0.113
15.123	0.146
15.1235	0.169
15.124	0.183
15.1245	0.189
15.125	0.186
15.1255	0.186
15.126	0.197
15.1265	0.208
15.127	0.223
15.1275	0.243
15.128	0.264
15.1285	0.281
15.129	0.288
15.1295	0.284
15.13	0.273
15.1305	0.261
15.131	0.250
15.1315	0.243
15.132	0.239
15.1325	0.234
15.133	0.229
15.1335	0.223
15.134	0.213
15.1345	0.193
15.135	0.165
15.1355	0.141
15.136	0.127
15.1365	0.126
15.137	0.133
15.1375	0.138
15.138	0.138
15.1385	0.129
15.139	0.114
15.1395	0.099
15.14	0.091
15.1405	0.096
15.141	0.123
15.1415	0.164
15.142	0.211
15.1425	0.257
15.143	0.286
15.1435	0.287
15.144	0.269
15.1445	0.239
15.145	0.199
15.1455	0.169
15.146	0.157
15.1465	0.160
15.147	0.168
15.1475	0.175
15.148	0.179
15.1485	0.182
15.149	0.186
15.1495	0.194
15.15	0.205
15.1505	0.220
15.151	0.237
15.1515	0.257
15.152	0.270
15.1525	0.277
15.153	0.278
15.1535	0.274
15.154	0.262
15.1545	0.242
15.155	0.215
15.1555	0.190
15.156	0.173
15.1565	0.164
15.157	0.157
15.1575	0.151
15.158	0.147
15.1585	0.147
15.159	0.146
15.1595	0.142
15.16	0.137
15.1605	0.135
15.161	0.137
15.1615	0.134
15.162	0.123
15.1625	0.107
15.163	0.092
15.1635	0.083
15.164	0.082
15.1645	0.084
15.165	0.078
15.1655	0.074
15.166	0.081
15.1665	0.092
15.167	0.106
15.1675	0.123
15.168	0.144
15.1685	0.159
15.169	0.168
15.1695	0.170
15.17	0.168
15.1705	0.163
15.171	0.163
15.1715	0.168
15.172	0.175
15.1725	0.179
15.173	0.181
15.1735	0.181
15.174	0.185
15.1745	0.196
15.175	0.214
15.1755	0.237
15.176	0.256
15.1765	0.259
15.177	0.235
15.1775	0.173
15.178	0.071
15.1785	-0.078
15.179	-0.287
15.1795	-0.554
15.18	-0.832
15.1805	-1.053
15.181	-1.162
15.1815	-1.135
15.182	-0.977
15.1825	-0.719
15.183	-0.413
15.1835	-0.123
15.184	0.103
15.1845	0.236
15.185	0.276
15.1855	0.255
15.186	0.191
15.1865	0.095
15.187	-0.008
15.1875	-0.104
15.188	-0.185
15.1885	-0.253
15.189	-0.301
15.1895	-0.326
15.19	-0.335
15.1905	-0.335
15.191	-0.320
15.1915	-0.286
15.192	-0.233
15.1925	-0.165
15.193	-0.088
15.1935	-0.006
15.194	0.073
15.1945	0.141
15.195	0.199
15.1955	0.247
15.196	0.291
15.1965	0.333
15.197	0.373
15.1975	0.407
15.198	0.435
15.1985	0.462
15.199	0.491
15.1995	0.512
15.2	0.514
15.2005	0.499
15.201	0.484
15.2015	0.478
15.202	0.472
15.2025	0.459
15.203	0.434
15.2035	0.396
15.204	0.351
15.2045	0.298
15.205	0.237
15.2055	0.185
15.206	0.146
15.2065	0.115
15.207	0.093
15.2075	0.076
15.208	0.063
15.2085	0.051
15.209	0.042
15.2095	0.035
15.21	0.030
15.2105	0.030
15.211	0.040
15.2115	0.062
15.212	0.099
15.2125	0.146
15.213	0.196
15.2135	0.242
15.214	0.283
15.2145	0.322
15.215	0.354
15.2155	0.380
15.216	0.402
15.2165	0.419
15.217	0.429
15.2175	0.433
15.218	0.430
15.2185	0.417
15.219	0.394
15.2195	0.364
15.22	0.332
15.2205	0.308
15.221	0.293
15.2215	0.281
15.222	0.270
15.2225	0.261
15.223	0.253
15.2235	0.240
15.224	0.219
15.2245	0.186
15.225	0.131
15.2255	0.070
15.226	0.013
15.2265	-0.036
15.227	-0.063
15.2275	-0.077
15.228	-0.087
15.2285	-0.095
15.229	-0.095
15.2295	-0.083
15.23	-0.062
15.2305	-0.030
15.231	0.011
15.2315	0.058
15.232	0.108
15.2325	0.158
15.233	0.206
15.2335	0.255
15.234	0.305
15.2345	0.353
15.235	0.394
15.2355	0.423
15.236	0.439
15.2365	0.438
15.237	0.424
15.2375	0.400
15.238	0.369
15.2385	0.331
15.239	0.288
15.2395	0.244
15.24	0.203
15.2405	0.171
15.241	0.149
15.2415	0.135
15.242	0.131
15.2425	0.134
15.243	0.137
15.2435	0.131
15.244	0.121
15.2445	0.113
15.245	0.101
15.2455	0.093
15.246	0.093
15.2465	0.095
15.247	0.099
15.2475	0.104
15.248	0.113
15.2485	0.125
15.249	0.143
15.2495	0.170
15.25	0.200
15.2505	0.227
15.251	0.249
15.2515	0.267
15.252	0.280
15.2525	0.289
15.253	0.292
15.2535	0.290
15.254	0.286
15.2545	0.282
15.255	0.272
15.2555	0.252
15.256	0.214
15.2565	0.148
15.257	0.042
15.2575	-0.113
15.258	-0.324
15.2585	-0.579
15.259	-0.844
15.2595	-1.071
15.26	-1.213
15.2605	-1.231
15.261	-1.108
15.2615	-0.867
15.262	-0.564
15.2625	-0.258
15.263	0.008
15.2635	0.199
15.264	0.307
15.2645	0.339
15.265	0.309
15.2655	0.258
15.266	0.201
15.2665	0.151
15.267	0.122
15.2675	0.105
15.268	0.097
15.2685	0.095
15.269	0.102
15.2695	0.114
15.27	0.124
15.2705	0.135
15.271	0.152
15.2715	0.174
15.272	0.190
15.2725	0.192
15.273	0.177
15.2735	0.145
15.274	0.099
15.2745	0.050
15.275	0.007
15.2755	-0.025
15.276	-0.045
15.2765	-0.056
15.277	-0.059
15.2775	-0.056
15.278	-0.046
15.2785	-0.029
15.279	-0.006
15.2795	0.021
15.28	0.050
15.2805	0.081
15.281	0.118
15.2815	0.157
15.282	0.196
15.2825	0.229
15.283	0.257
15.2835	0.275
15.284	0.288
15.2845	0.296
15.285	0.300
15.2855	0.314
15.286	0.330
15.2865	0.343
15.287	0.360
15.2875	0.384
15.288	0.408
15.2885	0.420
15.289	0.411
15.2895	0.385
15.29	0.354
15.2905	0.326
15.291	0.300
15.2915	0.275
15.292	0.249
15.2925	0.221
15.293	0.189
15.2935	0.158
15.294	0.132
15.2945	0.114
15.295	0.104
15.2955	0.093
15.296	0.080
15.2965	0.070
15.297	0.069
15.2975	0.077
15.298	0.084
15.2985	0.088
15.299	0.089
15.2995	0.090
15.3	0.094
15.3005	0.099
15.301	0.110
15.3015	0.123
15.302	0.136
15.3025	0.146
15.303	0.151
15.3035	0.149
15.304	0.144
15.3045	0.130
15.305	0.094
15.3055	0.056
15.306	0.024
15.3065	-0.000
15.307	-0.015
15.3075	-0.025
15.308	-0.037
15.3085	-0.048
15.309	-0.054
15.3095	-0.067
15.31	-0.095
15.3105	-0.132
15.311	-0.171
15.3115	-0.203
15.312	-0.220
15.3125	-0.222
15.313	-0.210
15.3135	-0.188
15.314	-0.161
15.3145	-0.137
15.315	-0.118
15.3155	-0.098
15.316	-0.074
15.3165	-0.044
15.317	-0.009
15.3175	0.024
15.318	0.047
15.3185	0.066
15.319	0.084
15.3195	0.106
15.32	0.136
15.3205	0.167
15.321	0.185
15.3215	0.184
15.322	0.169
15.3225	0.145
15.323	0.118
15.3235	0.093
15.324	0.072
15.3245	0.047
15.325	0.012
15.3255	-0.018
15.326	-0.051
15.3265	-0.088
15.327	-0.122
15.3275	-0.152
15.328	-0.177
15.3285	-0.200
15.329	-0.231
15.3295	-0.267
15.33	-0.298
15.3305	-0.317
15.331	-0.320
15.3315	-0.308
15.332	-0.279
15.3325	-0.233
15.333	-0.172
15.3335	-0.098
15.334	-0.020
15.3345	0.044
15.335	0.076
15.3355	0.067
15.336	0.009
15.3365	-0.106
15.337	-0.286
15.3375	-0.517
15.338	-0.756
15.3385	-0.954
15.339	-1.068
15.3395	-1.063
15.34	-0.925
15.3405	-0.680
15.341	-0.377
15.3415	-0.081
15.342	0.151
15.3425	0.291
15.343	0.341
15.3435	0.318
15.344	0.250
15.3445	0.152
15.345	0.033
15.3455	-0.073
15.346	-0.161
15.3465	-0.232
15.347	-0.278
15.3475	-0.310
15.348	-0.342
15.3485	-0.383
15.349	-0.428
15.3495	-0.465
15.35	-0.484
15.3505	-0.483
15.351	-0.469
15.3515	-0.452
15.352	-0.434
15.3525	-0.412
15.353	-0.381
15.3535	-0.339
15.354	-0.288
15.3545	-0.238
15.355	-0.195
15.3555	-0.158
15.356	-0.122
15.3565	-0.088
15.357	-0.060
15.3575	-0.041
15.358	-0.026
15.3585	-0.013
15.359	0.001
15.3595	0.019
15.36	0.045
15.3605	0.077
15.361	0.109
15.3615	0.142
15.362	0.172
15.3625	0.192
15.363	0.204
15.3635	0.212
15.364	0.224
15.3645	0.232
15.365	0.224
15.3655	0.224
15.366	0.229
15.3665	0.225
15.367	0.221
15.3675	0.211
15.368	0.195
15.3685	0.191
15.369	0.191
15.3695	0.188
15.37	0.176
15.3705	0.155
15.371	0.129
15.3715	0.105
15.372	0.092
15.3725	0.091
15.373	0.097
15.3735	0.105
15.374	0.125
15.3745	0.163
15.375	0.209
15.3755	0.248
15.376	0.272
15.3765	0.276
15.377	0.264
15.3775	0.247
15.378	0.231
15.3785	0.226
15.379	0.233
15.3795	0.246
15.38	0.254
15.3805	0.256
15.381	0.249
15.3815	0.234
15.382	0.217
15.3825	0.197
15.383	0.171
15.3835	0.136
15.384	0.100
15.3845	0.058
15.385	0.013
15.3855	-0.016
15.386	-0.032
15.3865	-0.044
15.387	-0.047
15.3875	-0.040
15.388	-0.023
15.3885	-0.003
15.389	0.012
15.3895	0.015
15.39	0.012
15.3905	0.007
15.391	0.007
15.3915	0.013
15.392	0.031
15.3925	0.062
15.393	0.100
15.3935	0.137
15.394	0.171
15.3945	0.201
15.395	0.228
15.3955	0.251
15.396	0.275
15.3965	0.301
15.397	0.327
15.3975	0.355
15.398	0.386
15.3985	0.411
15.399	0.421
15.3995	0.410
15.4	0.379
15.4005	0.338
15.401	0.298
15.4015	0.265
15.402	0.232
15.4025	0.193
15.403	0.149
15.4035	0.102
15.404	0.063
15.4045	0.025
15.405	-0.012
15.4055	-0.035
15.406	-0.056
15.4065	-0.078
15.407	-0.093
15.4075	-0.098
15.408	-0.090
15.4085	-0.071
15.409	-0.048
15.4095	-0.021
15.41	0.010
15.4105	0.045
15.411	0.086
15.4115	0.134
15.412	0.188
15.4125	0.248
15.413	0.309
15.4135	0.360
15.414	0.390
15.4145	0.386
15.415	0.337
15.4155	0.233
15.416	0.064
15.4165	-0.168
15.417	-0.431
15.4175	-0.669
15.418	-0.832
15.4185	-0.877
15.419	-0.789
15.4195	-0.582
15.42	-0.305
15.4205	-0.014
15.421	0.242
15.4215	0.422
15.422	0.509
15.4225	0.513
15.423	0.452
15.4235	0.345
15.424	0.217
15.4245	0.077
15.425	-0.062
15.4255	-0.169
15.426	-0.243
15.4265	-0.290
15.427	-0.318
15.4275	-0.334
15.428	-0.344
15.4285	-0.348
15.429	-0.340
15.4295	-0.316
15.43	-0.277
15.4305	-0.222
15.431	-0.154
15.4315	-0.076
15.432	0.010
15.4325	0.099
15.433	0.180
15.4335	0.245
15.434	0.293
15.4345	0.327
15.435	0.354
15.4355	0.379
15.436	0.401
15.4365	0.412
15.437	0.408
15.4375	0.391
15.438	0.366
15.4385	0.340
15.439	0.316
15.4395	0.294
15.44	0.271
15.4405	0.240
15.441	0.201
15.4415	0.155
15.442	0.106
15.4425	0.056
15.443	0.007
15.4435	-0.041
15.444	-0.080
15.4445	-0.110
15.445	-0.126
15.4455	-0.111
15.446	-0.084
15.4465	-0.055
15.447	-0.020
15.4475	0.020
15.448	0.060
15.4485	0.095
15.449	0.125
15.4495	0.155
15.45	0.189
15.4505	0.222
15.451	0.251
15.4515	0.279
15.452	0.312
15.4525	0.348
15.453	0.383
15.4535	0.411
15.454	0.423
15.4545	0.418
15.455	0.396
15.4555	0.364
15.456	0.322
15.4565	0.268
15.457	0.202
15.4575	0.131
15.458	0.070
15.4585	0.025
15.459	-0.020
15.4595	-0.076
15.46	-0.139
15.4605	-0.204
15.461	-0.262
15.4615	-0.304
15.462	-0.328
15.4625	-0.330
15.463	-0.310
15.4635	-0.278
15.464	-0.237
15.4645	-0.205
15.465	-0.181
15.4655	-0.143
15.466	-0.095
15.4665	-0.042
15.467	0.017
15.4675	0.076
15.468	0.128
15.4685	0.168
15.469	0.197
15.4695	0.211
15.47	0.214
15.4705	0.206
15.471	0.189
15.4715	0.172
15.472	0.156
15.4725	0.137
15.473	0.116
15.4735	0.092
15.474	0.069
15.4745	0.054
15.475	0.045
15.4755	0.036
15.476	0.023
15.4765	-0.004
15.477	-0.043
15.4775	-0.080
15.478	-0.109
15.4785	-0.125
15.479	-0.131
15.4795	-0.128
15.48	-0.115
15.4805	-0.097
15.481	-0.079
15.4815	-0.065
15.482	-0.050
15.4825	-0.035
15.483	-0.018
15.4835	-0.003
15.484	0.013
15.4845	0.024
15.485	0.031
15.4855	0.053
15.486	0.076
15.4865	0.089
15.487	0.092
15.4875	0.088
15.488	0.083
15.4885	0.080
15.489	0.082
15.4895	0.082
15.49	0.079
15.4905	0.073
15.491	0.065
15.4915	0.059
15.492	0.058
15.4925	0.057
15.493	0.051
15.4935	0.029
15.494	-0.023
15.4945	-0.115
15.495	-0.255
15.4955	-0.450
15.496	-0.682
15.4965	-0.905
15.497	-1.067
15.4975	-1.129
15.498	-1.070
15.4985	-0.896
15.499	-0.645
15.4995	-0.369
15.5	-0.115
15.5005	0.082
15.501	0.210
15.5015	0.277
15.502	0.299
15.5025	0.280
15.503	0.230
15.5035	0.162
15.504	0.088
15.5045	0.003
15.505	-0.077
15.5055	-0.128
15.506	-0.166
15.5065	-0.193
15.507	-0.208
15.5075	-0.209
15.508	-0.197
15.5085	-0.176
15.509	-0.154
15.5095	-0.134
15.51	-0.118
15.5105	-0.105
15.511	-0.091
15.5115	-0.075
15.512	-0.061
15.5125	-0.050
15.513	-0.039
15.5135	-0.027
15.514	-0.014
15.5145	-0.002
15.515	0.012
15.5155	0.029
15.516	0.044
15.5165	0.047
15.517	0.034
15.5175	0.015
15.518	0.002
15.5185	0.001
15.519	0.009
15.5195	0.022
15.52	0.036
15.5205	0.050
15.521	0.061
15.5215	0.066
15.522	0.066
15.5225	0.067
15.523	0.068
15.5235	0.070
15.524	0.082
15.5245	0.092
15.525	0.105
15.5255	0.137
15.526	0.165
15.5265	0.183
15.527	0.188
15.5275	0.188
15.528	0.189
15.5285	0.184
15.529	0.170
15.5295	0.143
15.53	0.110
15.5305	0.075
15.531	0.045
15.5315	0.023
15.532	0.006
15.5325	-0.005
15.533	-0.013
15.5335	-0.014
15.534	-0.007
15.5345	0.005
15.535	0.016
15.5355	0.028
15.536	0.035
15.5365	0.033
15.537	0.028
15.5375	0.023
15.538	0.018
15.5385	0.015
15.539	0.009
15.5395	-0.004
15.54	-0.019
15.5405	-0.027
15.541	-0.021
15.5415	-0.010
15.542	-0.006
15.5425	-0.015
15.543	-0.031
15.5435	-0.047
15.544	-0.057
15.5445	-0.071
15.545	-0.080
15.5455	-0.065
15.546	-0.043
15.5465	-0.026
15.547	-0.022
15.5475	-0.025
15.548	-0.032
15.5485	-0.042
15.549	-0.052
15.5495	-0.061
15.55	-0.065
15.5505	-0.064
15.551	-0.062
15.5515	-0.057
15.552	-0.049
15.5525	-0.040
15.553	-0.030
15.5535	-0.020
15.554	-0.011
15.5545	0.001
15.555	0.019
15.5555	0.047
15.556	0.084
15.5565	0.128
15.557	0.171
15.5575	0.206
15.558	0.224
15.5585	0.222
15.559	0.202
15.5595	0.171
15.56	0.137
15.5605	0.110
15.561	0.091
15.5615	0.076
15.562	0.062
15.5625	0.046
15.563	0.031
15.5635	0.020
15.564	0.013
15.5645	-0.010
15.565	-0.047
15.5655	-0.073
15.566	-0.100
15.5665	-0.133
15.567	-0.165
15.5675	-0.190
15.568	-0.204
15.5685	-0.214
15.569	-0.224
15.5695	-0.234
15.57	-0.235
15.5705	-0.220
15.571	-0.188
15.5715	-0.141
15.572	-0.087
15.5725	-0.036
15.573	-0.003
15.5735	-0.002
15.574	-0.046
15.5745	-0.145
15.575	-0.311
15.5755	-0.532
15.576	-0.764
15.5765	-0.949
15.577	-1.043
15.5775	-1.017
15.578	-0.871
15.5785	-0.633
15.579	-0.352
15.5795	-0.083
15.58	0.134
15.5805	0.271
15.581	0.332
15.5815	0.336
15.582	0.299
15.5825	0.234
15.583	0.156
15.5835	0.075
15.584	-0.002
15.5845	-0.087
15.585	-0.173
15.5855	-0.242
15.586	-0.305
15.5865	-0.355
15.587	-0.377
15.5875	-0.372
15.588	-0.349
15.5885	-0.328
15.589	-0.316
15.5895	-0.311
15.59	-0.308
15.5905	-0.299
15.591	-0.286
15.5915	-0.269
15.592	-0.248
15.5925	-0.218
15.593	-0.178
15.5935	-0.134
15.594	-0.093
15.5945	-0.059
15.595	-0.032
15.5955	-0.006
15.596	0.017
15.5965	0.041
15.597	0.060
15.5975	0.071
15.598	0.074
15.5985	0.072
15.599	0.069
15.5995	0.066
15.6	0.061
15.6005	0.059
15.601	0.062
15.6015	0.069
15.602	0.081
15.6025	0.094
15.603	0.100
15.6035	0.093
15.604	0.084
15.6045	0.065
15.605	0.045
15.6055	0.044
15.606	0.043
15.6065	0.045
15.607	0.048
15.6075	0.050
15.608	0.051
15.6085	0.046
15.609	0.031
15.6095	0.008
15.61	-0.017
15.6105	-0.034
15.611	-0.035
15.6115	-0.026
15.612	-0.018
15.6125	-0.015
15.613	-0.015
15.6135	-0.019
15.614	-0.025
15.6145	-0.028
15.615	-0.027
15.6155	-0.024
15.616	-0.020
15.6165	-0.017
15.617	-0.017
15.6175	-0.017
15.618	-0.018
15.6185	-0.022
15.619	-0.034
15.6195	-0.050
15.62	-0.070
15.6205	-0.090
15.621	-0.107
15.6215	-0.118
15.622	-0.119
15.6225	-0.113
15.623	-0.103
15.6235	-0.091
15.624	-0.073
15.6245	-0.071
15.625	-0.070
15.6255	-0.052
15.626	-0.034
15.6265	-0.018
15.627	-0.008
15.6275	-0.005
15.628	-0.006
15.6285	-0.004
15.629	0.003
15.6295	0.016
15.63	0.025
15.6305	0.018
15.631	0.001
15.6315	-0.020
15.632	-0.040
15.6325	-0.061
15.633	-0.083
15.6335	-0.100
15.634	-0.106
15.6345	-0.110
15.635	-0.119
15.6355	-0.131
15.636	-0.139
15.6365	-0.143
15.637	-0.147
15.6375	-0.151
15.638	-0.153
15.6385	-0.154
15.639	-0.150
15.6395	-0.142
15.64	-0.131
15.6405	-0.118
15.641	-0.108
15.6415	-0.100
15.642	-0.091
15.6425	-0.081
15.643	-0.073
15.6435	-0.070
15.644	-0.066
15.6445	-0.073
15.645	-0.071
15.6455	-0.052
15.646	-0.036
15.6465	-0.025
15.647	-0.022
15.6475	-0.026
15.648	-0.037
15.6485	-0.049
15.649	-0.054
15.6495	-0.049
15.65	-0.036
15.6505	-0.022
15.651	-0.014
15.6515	-0.014
15.652	-0.033
15.6525	-0.081
15.653	-0.171
15.6535	-0.310
15.654	-0.504
15.6545	-0.747
15.655	-1.004
15.6555	-1.227
15.656	-1.371
15.6565	-1.397
15.657	-1.285
15.6575	-1.046
15.658	-0.731
15.6585	-0.414
15.659	-0.159
15.6595	0.007
15.66	0.087
15.6605	0.090
15.661	0.038
15.6615	-0.046
15.662	-0.140
15.6625	-0.228
15.663	-0.304
15.6635	-0.360
15.664	-0.394
15.6645	-0.425
15.665	-0.444
15.6655	-0.444
15.666	-0.440
15.6665	-0.427
15.667	-0.402
15.6675	-0.365
15.668	-0.320
15.6685	-0.274
15.669	-0.226
15.6695	-0.170
15.67	-0.105
15.6705	-0.034
15.671	0.036
15.6715	0.100
15.672	0.151
15.6725	0.185
15.673	0.203
15.6735	0.208
15.674	0.205
15.6745	0.200
15.675	0.193
15.6755	0.184
15.676	0.174
15.6765	0.164
15.677	0.152
15.6775	0.134
15.678	0.104
15.6785	0.066
15.679	0.027
15.6795	-0.007
15.68	-0.034
15.6805	-0.061
15.681	-0.088
15.6815	-0.114
15.682	-0.137
15.6825	-0.157
15.683	-0.171
15.6835	-0.178
15.684	-0.183
15.6845	-0.196
15.685	-0.198
15.6855	-0.178
15.686	-0.153
15.6865	-0.127
15.687	-0.101
15.6875	-0.077
15.688	-0.054
15.6885	-0.029
15.689	-0.002
15.6895	0.026
15.69	0.058
15.6905	0.096
15.691	0.139
15.6915	0.182
15.692	0.221
15.6925	0.254
15.693	0.278
15.6935	0.294
15.694	0.298
15.6945	0.288
15.695	0.272
15.6955	0.262
15.696	0.260
15.6965	0.259
15.697	0.248
15.6975	0.223
15.698	0.181
15.6985	0.121
15.699	0.047
15.6995	-0.031
15.7	-0.098
15.7005	-0.143
15.701	-0.170
15.7015	-0.188
15.702	-0.200
15.7025	-0.206
15.703	-0.208
15.7035	-0.206
15.704	-0.199
15.7045	-0.198
15.705	-0.196
15.7055	-0.186
15.706	-0.180
15.7065	-0.178
15.707	-0.181
15.7075	-0.184
15.708	-0.181
15.7085	-0.167
15.709	-0.145
15.7095	-0.115
15.71	-0.082
15.7105	-0.049
15.711	-0.017
15.7115	0.018
15.712	0.064
15.7125	0.126
15.713	0.196
15.7135	0.262
15.714	0.312
15.7145	0.341
15.715	0.350
15.7155	0.347
15.716	0.335
15.7165	0.321
15.717	0.304
15.7175	0.285
15.718	0.266
15.7185	0.244
15.719	0.214
15.7195	0.178
15.72	0.137
15.7205	0.095
15.721	0.056
15.7215	0.023
15.722	-0.006
15.7225	-0.031
15.723	-0.055
15.7235	-0.081
15.724	-0.107
15.7245	-0.142
15.725	-0.171
15.7255	-0.182
15.726	-0.192
15.7265	-0.202
15.727	-0.213
15.7275	-0.219
15.728	-0.222
15.7285	-0.217
15.729	-0.200
15.7295	-0.170
15.73	-0.126
15.7305	-0.076
15.731	-0.032
15.7315	-0.002
15.732	-0.012
15.7325	-0.080
15.733	-0.209
15.7335	-0.399
15.734	-0.627
15.7345	-0.840
15.735	-0.985
15.7355	-1.018
15.736	-0.914
15.7365	-0.691
15.737	-0.402
15.7375	-0.111
15.738	0.131
15.7385	0.291
15.739	0.367
15.7395	0.379
15.74	0.346
15.7405	0.288
15.741	0.216
15.7415	0.146
15.742	0.082
15.7425	0.026
15.743	-0.024
15.7435	-0.068
15.744	-0.108
15.7445	-0.158
15.745	-0.201
15.7455	-0.223
15.746	-0.237
15.7465	-0.245
15.747	-0.243
15.7475	-0.234
15.748	-0.219
15.7485	-0.202
15.749	-0.183
15.7495	-0.163
15.75	-0.146
15.7505	-0.139
15.751	-0.141
15.7515	-0.147
15.752	-0.150
15.7525	-0.147
15.753	-0.137
15.7535	-0.117
15.754	-0.089
15.7545	-0.056
15.755	-0.021
15.7555	0.012
15.756	0.034
15.7565	0.047
15.757	0.053
15.7575	0.046
15.758	0.024
15.7585	-0.005
15.759	-0.030
15.7595	-0.044
15.76	-0.037
15.7605	-0.007
15.761	0.047
15.7615	0.108
15.762	0.156
15.7625	0.183
15.763	0.197
15.7635	0.207
15.764	0.211
15.7645	0.195
15.765	0.175
15.7655	0.170
15.766	0.169
15.7665	0.173
15.767	0.180
15.7675	0.190
15.768	0.199
15.7685	0.200
15.769	0.196
15.7695	0.193
15.77	0.187
15.7705	0.168
15.771	0.133
15.7715	0.087
15.772	0.036
15.7725	-0.013
15.773	-0.050
15.7735	-0.077
15.774	-0.096
15.7745	-0.112
15.775	-0.129
15.7755	-0.145
15.776	-0.161
15.7765	-0.177
15.777	-0.191
15.7775	-0.205
15.778	-0.225
15.7785	-0.251
15.779	-0.284
15.7795	-0.322
15.78	-0.356
15.7805	-0.378
15.781	-0.384
15.7815	-0.375
15.782	-0.357
15.7825	-0.328
15.783	-0.287
15.7835	-0.232
15.784	-0.170
15.7845	-0.119
15.785	-0.062
15.7855	0.001
15.786	0.053
15.7865	0.089
15.787	0.101
15.7875	0.102
15.788	0.106
15.7885	0.117
15.789	0.128
15.7895	0.129
15.79	0.121
15.7905	0.107
15.791	0.091
15.7915	0.074
15.792	0.058
15.7925	0.043
15.793	0.029
15.7935	0.016
15.794	0.004
15.7945	-0.007
15.795	-0.011
15.7955	-0.007
15.796	-0.002
15.7965	-0.003
15.797	-0.011
15.7975	-0.029
15.798	-0.065
15.7985	-0.114
15.799	-0.164
15.7995	-0.209
15.8	-0.248
15.8005	-0.277
15.801	-0.297
15.8015	-0.306
15.802	-0.305
15.8025	-0.298
15.803	-0.290
15.8035	-0.281
15.804	-0.272
15.8045	-0.269
15.805	-0.257
15.8055	-0.236
15.806	-0.217
15.8065	-0.198
15.807	-0.181
15.8075	-0.160
15.808	-0.130
15.8085	-0.083
15.809	-0.024
15.8095	0.034
15.81	0.077
15.8105	0.087
15.811	0.037
15.8115	-0.080
15.812	-0.262
15.8125	-0.496
15.813	-0.745
15.8135	-0.958
15.814	-1.086
15.8145	-1.088
15.815	-0.953
15.8155	-0.706
15.816	-0.399
15.8165	-0.096
15.817	0.152
15.8175	0.318
15.818	0.391
15.8185	0.378
15.819	0.304
15.8195	0.197
15.82	0.080
15.8205	-0.033
15.821	-0.137
15.8215	-0.224
15.822	-0.289
15.8225	-0.338
15.823	-0.381
15.8235	-0.420
15.824	-0.452
15.8245	-0.483
15.825	-0.490
15.8255	-0.476
15.826	-0.458
15.8265	-0.438
15.827	-0.421
15.8275	-0.409
15.828	-0.403
15.8285	-0.401
15.829	-0.398
15.8295	-0.388
15.83	-0.367
15.8305	-0.336
15.831	-0.303
15.8315	-0.268
15.832	-0.232
15.8325	-0.200
15.833	-0.171
15.8335	-0.141
15.834	-0.106
15.8345	-0.068
15.835	-0.031
15.8355	-0.001
15.836	0.017
15.8365	0.027
15.837	0.037
15.8375	0.045
15.838	0.046
15.8385	0.037
15.839	0.025
15.8395	0.011
15.84	0.004
15.8405	0.003
15.841	0.008
15.8415	0.019
15.842	0.034
15.8425	0.048
15.843	0.061
15.8435	0.079
15.844	0.103
15.8445	0.123
15.845	0.155
15.8455	0.194
15.846	0.224
15.8465	0.244
15.847	0.254
15.8475	0.257
15.848	0.253
15.8485	0.242
15.849	0.224
15.8495	0.201
15.85	0.177
15.8505	0.146
15.851	0.109
15.8515	0.070
15.852	0.037
15.8525	0.014
15.853	-0.005
15.8535	-0.023
15.854	-0.042
15.8545	-0.065
15.855	-0.093
15.8555	-0.123
15.856	-0.151
15.8565	-0.173
15.857	-0.193
15.8575	-0.216
15.858	-0.246
15.8585	-0.282
15.859	-0.317
15.8595	-0.344
15.86	-0.360
15.8605	-0.359
15.861	-0.341
15.8615	-0.315
15.862	-0.287
15.8625	-0.257
15.863	-0.226
15.8635	-0.188
15.864	-0.150
15.8645	-0.129
15.865	-0.109
15.8655	-0.086
15.866	-0.072
15.8665	-0.060
15.867	-0.046
15.8675	-0.026
15.868	0.003
15.8685	0.042
15.869	0.084
15.8695	0.117
15.87	0.139
15.8705	0.150
15.871	0.161
15.8715	0.175
15.872	0.185
15.8725	0.185
15.873	0.177
15.8735	0.164
15.874	0.153
15.8745	0.143
15.875	0.136
15.8755	0.136
15.876	0.144
15.8765	0.150
15.877	0.142
15.8775	0.122
15.878	0.094
15.8785	0.063
15.879	0.033
15.8795	0.009
15.88	-0.004
15.8805	-0.009
15.881	-0.014
15.8815	-0.026
15.882	-0.045
15.8825	-0.068
15.883	-0.090
15.8835	-0.106
15.884	-0.116
15.8845	-0.141
15.885	-0.171
15.8855	-0.202
15.886	-0.237
15.8865	-0.261
15.887	-0.269
15.8875	-0.263
15.888	-0.245
15.8885	-0.217
15.889	-0.194
15.8895	-0.200
15.89	-0.242
15.8905	-0.324
15.891	-0.452
15.8915	-0.629
15.892	-0.845
15.8925	-1.056
15.893	-1.211
15.8935	-1.270
15.894	-1.208
15.8945	-1.026
15.895	-0.762
15.8955	-0.471
15.896	-0.211
15.8965	-0.017
15.897	0.099
15.8975	0.144
15.898	0.133
15.8985	0.087
15.899	0.026
15.8995	-0.038
15.9	-0.091
15.9005	-0.127
15.901	-0.149
15.9015	-0.163
15.902	-0.175
15.9025	-0.184
15.903	-0.189
15.9035	-0.181
15.904	-0.165
15.9045	-0.149
15.905	-0.111
15.9055	-0.060
15.906	-0.013
15.9065	0.026
15.907	0.053
15.9075	0.070
15.908	0.080
15.9085	0.094
15.909	0.116
15.9095	0.144
15.91	0.180
15.9105	0.221
15.911	0.260
15.9115	0.291
15.912	0.318
15.9125	0.347
15.913	0.368
15.9135	0.371
15.914	0.359
15.9145	0.336
15.915	0.305
15.9155	0.268
15.916	0.232
15.9165	0.203
15.917	0.179
15.9175	0.156
15.918	0.132
15.9185	0.106
15.919	0.079
15.9195	0.050
15.92	0.026
15.9205	0.012
15.921	0.004
15.9215	-0.005
15.922	-0.019
15.9225	-0.038
15.923	-0.057
15.9235	-0.075
15.924	-0.093
15.9245	-0.112
15.925	-0.117
15.9255	-0.112
15.926	-0.108
15.9265	-0.101
15.927	-0.089
15.9275	-0.078
15.928	-0.067
15.9285	-0.054
15.929	-0.043
15.9295	-0.031
15.93	-0.013
15.9305	0.011
15.931	0.043
15.9315	0.080
15.932	0.121
15.9325	0.166
15.933	0.213
15.9335	0.252
15.934	0.275
15.9345	0.279
15.935	0.269
15.9355	0.248
15.936	0.220
15.9365	0.188
15.937	0.152
15.9375	0.115
15.938	0.080
15.9385	0.057
15.939	0.044
15.9395	0.038
15.94	0.036
15.9405	0.037
15.941	0.039
15.9415	0.044
15.942	0.056
15.9425	0.069
15.943	0.083
15.9435	0.104
15.944	0.127
15.9445	0.143
15.945	0.161
15.9455	0.172
15.946	0.170
15.9465	0.166
15.947	0.161
15.9475	0.146
15.948	0.114
15.9485	0.067
15.949	0.017
15.9495	-0.029
15.95	-0.073
15.9505	-0.113
15.951	-0.143
15.9515	-0.157
15.952	-0.155
15.9525	-0.145
15.953	-0.138
15.9535	-0.139
15.954	-0.149
15.9545	-0.164
15.955	-0.177
15.9555	-0.183
15.956	-0.180
15.9565	-0.175
15.957	-0.179
15.9575	-0.196
15.958	-0.220
15.9585	-0.246
15.959	-0.268
15.9595	-0.286
15.96	-0.296
15.9605	-0.295
15.961	-0.282
15.9615	-0.267
15.962	-0.254
15.9625	-0.241
15.963	-0.226
15.9635	-0.204
15.964	-0.177
15.9645	-0.154
15.965	-0.118
15.9655	-0.078
15.966	-0.039
15.9665	0.007
15.967	0.062
15.9675	0.127
15.968	0.186
15.9685	0.228
15.969	0.239
15.9695	0.208
15.97	0.132
15.9705	0.010
15.971	-0.165
15.9715	-0.388
15.972	-0.630
15.9725	-0.841
15.973	-0.969
15.9735	-0.974
15.974	-0.844
15.9745	-0.607
15.975	-0.317
15.9755	-0.034
15.976	0.201
15.9765	0.364
15.977	0.450
15.9775	0.465
15.978	0.426
15.9785	0.358
15.979	0.279
15.9795	0.197
15.98	0.118
15.9805	0.040
15.981	-0.036
15.9815	-0.108
15.982	-0.170
15.9825	-0.219
15.983	-0.255
15.9835	-0.277
15.984	-0.292
15.9845	-0.304
15.985	-0.296
15.9855	-0.273
15.986	-0.245
15.9865	-0.214
15.987	-0.189
15.9875	-0.172
15.988	-0.161
15.9885	-0.163
15.989	-0.174
15.9895	-0.188
15.99	-0.199
15.9905	-0.199
15.991	-0.187
15.9915	-0.162
15.992	-0.125
15.9925	-0.082
15.993	-0.046
15.9935	-0.028
15.994	-0.029
15.9945	-0.043
15.995	-0.065
15.9955	-0.096
15.996	-0.126
15.9965	-0.150
15.997	-0.169
15.9975	-0.187
15.998	-0.201
15.9985	-0.206
15.999	-0.201
15.9995	-0.190
16	-0.176
16.0005	-0.161
16.001	-0.139
16.0015	-0.111
16.002	-0.078
16.0025	-0.043
16.003	-0.012
16.0035	0.012
16.004	0.025
16.0045	0.034
16.005	0.058
16.0055	0.082
16.006	0.102
16.0065	0.124
16.007	0.149
16.0075	0.176
16.008	0.200
16.0085	0.218
16.009	0.236
16.0095	0.255
16.01	0.269
16.0105	0.274
16.011	0.272
16.0115	0.265
16.012	0.254
16.0125	0.239
16.013	0.231
16.0135	0.233
16.014	0.235
16.0145	0.222
16.015	0.191
16.0155	0.150
16.016	0.102
16.0165	0.053
16.017	0.011
16.0175	-0.021
16.018	-0.052
16.0185	-0.088
16.019	-0.124
16.0195	-0.153
16.02	-0.169
16.0205	-0.172
16.021	-0.164
16.0215	-0.146
16.022	-0.119
16.0225	-0.085
16.023	-0.055
16.0235	-0.034
16.024	-0.034
16.0245	-0.061
16.025	-0.094
16.0255	-0.130
16.026	-0.165
16.0265	-0.191
16.027	-0.207
16.0275	-0.209
16.028	-0.201
16.0285	-0.188
16.029	-0.175
16.0295	-0.163
16.03	-0.150
16.0305	-0.134
16.031	-0.114
16.0315	-0.095
16.032	-0.077
16.0325	-0.059
16.033	-0.041
16.0335	-0.022
16.034	-0.010
16.0345	-0.008
16.035	-0.015
16.0355	-0.026
16.036	-0.037
16.0365	-0.042
16.037	-0.041
16.0375	-0.039
16.038	-0.031
16.0385	-0.016
16.039	-0.003
16.0395	0.000
16.04	0.001
16.0405	0.002
16.041	0.008
16.0415	0.018
16.042	0.030
16.0425	0.044
16.043	0.055
16.0435	0.070
16.044	0.082
16.0445	0.090
16.045	0.118
16.0455	0.158
16.046	0.198
16.0465	0.235
16.047	0.272
16.0475	0.302
16.048	0.312
16.0485	0.286
16.049	0.217
16.0495	0.099
16.05	-0.069
16.0505	-0.283
16.051	-0.524
16.0515	-0.753
16.052	-0.920
16.0525	-0.990
16.053	-0.933
16.0535	-0.748
16.054	-0.468
16.0545	-0.155
16.055	0.129
16.0555	0.339
16.056	0.459
16.0565	0.501
16.057	0.486
16.0575	0.433
16.058	0.355
16.0585	0.265
16.059	0.175
16.0595	0.097
16.06	0.036
16.0605	-0.018
16.061	-0.072
16.0615	-0.124
16.062	-0.164
16.0625	-0.187
16.063	-0.193
16.0635	-0.174
16.064	-0.138
16.0645	-0.101
16.065	-0.058
16.0655	-0.022
16.066	0.007
16.0665	0.034
16.067	0.054
16.0675	0.063
16.068	0.060
16.0685	0.051
16.069	0.040
16.0695	0.033
16.07	0.033
16.0705	0.037
16.071	0.040
16.0715	0.043
16.072	0.046
16.0725	0.044
16.073	0.038
16.0735	0.026
16.074	0.010
16.0745	-0.010
16.075	-0.033
16.0755	-0.053
16.076	-0.074
16.0765	-0.097
16.077	-0.122
16.0775	-0.144
16.078	-0.153
16.0785	-0.146
16.079	-0.128
16.0795	-0.112
16.08	-0.105
16.0805	-0.097
16.081	-0.083
16.0815	-0.065
16.082	-0.052
16.0825	-0.047
16.083	-0.046
16.0835	-0.035
16.084	-0.021
16.0845	-0.011
16.085	0.006
16.0855	0.019
16.086	0.028
16.0865	0.038
16.087	0.053
16.0875	0.068
16.088	0.084
16.0885	0.099
16.089	0.119
16.0895	0.147
16.09	0.187
16.0905	0.231
16.091	0.270
16.0915	0.298
16.092	0.319
16.0925	0.333
16.093	0.337
16.0935	0.329
16.094	0.310
16.0945	0.288
16.095	0.270
16.0955	0.255
16.096	0.233
16.0965	0.201
16.097	0.161
16.0975	0.119
16.098	0.080
16.0985	0.047
16.099	0.027
16.0995	0.019
16.1	0.021
16.1005	0.033
16.101	0.050
16.1015	0.067
16.102	0.081
16.1025	0.092
16.103	0.100
16.1035	0.105
16.104	0.099
16.1045	0.082
16.105	0.072
16.1055	0.067
16.106	0.065
16.1065	0.067
16.107	0.060
16.1075	0.040
16.108	0.009
16.1085	-0.025
16.109	-0.053
16.1095	-0.067
16.11	-0.069
16.1105	-0.072
16.111	-0.077
16.1115	-0.081
16.112	-0.081
16.1125	-0.079
16.113	-0.081
16.1135	-0.091
16.114	-0.105
16.1145	-0.121
16.115	-0.140
16.1155	-0.162
16.116	-0.186
16.1165	-0.209
16.117	-0.234
16.1175	-0.256
16.118	-0.270
16.1185	-0.274
16.119	-0.275
16.1195	-0.272
16.12	-0.261
16.1205	-0.239
16.121	-0.211
16.1215	-0.179
16.122	-0.146
16.1225	-0.112
16.123	-0.079
16.1235	-0.041
16.124	-0.017
16.1245	-0.010
16.125	0.004
16.1255	0.024
16.126	0.048
16.1265	0.080
16.127	0.111
16.1275	0.123
16.128	0.093
16.1285	0.006
16.129	-0.149
16.1295	-0.371
16.13	-0.628
16.1305	-0.855
16.131	-1.000
16.1315	-1.032
16.132	-0.934
16.1325	-0.718
16.133	-0.423
16.1335	-0.107
16.134	0.169
16.1345	0.364
16.135	0.467
16.1355	0.493
16.136	0.460
16.1365	0.380
16.137	0.272
16.1375	0.149
16.138	0.039
16.1385	-0.048
16.139	-0.119
16.1395	-0.173
16.14	-0.208
16.1405	-0.223
16.141	-0.220
16.1415	-0.204
16.142	-0.178
16.1425	-0.149
16.143	-0.122
16.1435	-0.097
16.144	-0.081
16.1445	-0.065
16.145	-0.037
16.1455	-0.012
16.146	0.011
16.1465	0.037
16.147	0.067
16.1475	0.098
16.148	0.125
16.1485	0.147
16.149	0.167
16.1495	0.181
16.15	0.186
16.1505	0.182
16.151	0.169
16.1515	0.152
16.152	0.135
16.1525	0.116
16.153	0.091
16.1535	0.067
16.154	0.046
16.1545	0.026
16.155	0.009
16.1555	-0.002
16.156	-0.004
16.1565	-0.002
16.157	-0.001
16.1575	0.002
16.158	0.014
16.1585	0.035
16.159	0.050
16.1595	0.045
16.16	0.019
16.1605	-0.018
16.161	-0.052
16.1615	-0.073
16.162	-0.079
16.1625	-0.075
16.163	-0.067
16.1635	-0.061
16.164	-0.070
16.1645	-0.093
16.165	-0.112
16.1655	-0.130
16.166	-0.137
16.1665	-0.137
16.167	-0.134
16.1675	-0.129
16.168	-0.126
16.1685	-0.123
16.169	-0.123
16.1695	-0.126
16.17	-0.134
16.1705	-0.145
16.171	-0.157
16.1715	-0.171
16.172	-0.187
16.1725	-0.207
16.173	-0.221
16.1735	-0.225
16.174	-0.238
16.1745	-0.276
16.175	-0.338
16.1755	-0.410
16.176	-0.476
16.1765	-0.524
16.177	-0.553
16.1775	-0.567
16.178	-0.567
16.1785	-0.554
16.179	-0.531
16.1795	-0.506
16.18	-0.474
16.1805	-0.430
16.181	-0.382
16.1815	-0.341
16.182	-0.312
16.1825	-0.293
16.183	-0.281
16.1835	-0.270
16.184	-0.270
16.1845	-0.275
16.185	-0.272
16.1855	-0.273
16.186	-0.274
16.1865	-0.272
16.187	-0.271
16.1875	-0.268
16.188	-0.263
16.1885	-0.253
16.189	-0.237
16.1895	-0.212
16.19	-0.184
16.1905	-0.162
16.191	-0.148
16.1915	-0.144
16.192	-0.146
16.1925	-0.151
16.193	-0.157
16.1935	-0.167
16.194	-0.185
16.1945	-0.206
16.195	-0.228
16.1955	-0.249
16.196	-0.267
16.1965	-0.280
16.197	-0.286
16.1975	-0.286
16.198	-0.285
16.1985	-0.292
16.199	-0.309
16.1995	-0.335
16.2	-0.355
16.2005	-0.364
16.201	-0.360
16.2015	-0.345
16.202	-0.323
16.2025	-0.296
16.203	-0.270
16.2035	-0.243
16.204	-0.227
16.2045	-0.211
16.205	-0.176
16.2055	-0.133
16.206	-0.094
16.2065	-0.072
16.207	-0.076
16.2075	-0.115
16.208	-0.198
16.2085	-0.334
16.209	-0.525
16.2095	-0.751
16.21	-0.967
16.2105	-1.126
16.211	-1.187
16.2115	-1.130
16.212	-0.962
16.2125	-0.724
16.213	-0.469
16.2135	-0.243
16.214	-0.079
16.2145	0.013
16.215	0.041
16.2155	0.021
16.216	-0.031
16.2165	-0.102
16.217	-0.183
16.2175	-0.261
16.218	-0.326
16.2185	-0.378
16.219	-0.417
16.2195	-0.448
16.22	-0.473
16.2205	-0.492
16.221	-0.505
16.2215	-0.515
16.222	-0.515
16.2225	-0.494
16.223	-0.455
16.2235	-0.402
16.224	-0.355
16.2245	-0.317
16.225	-0.278
16.2255	-0.256
16.226	-0.246
16.2265	-0.244
16.227	-0.250
16.2275	-0.256
16.228	-0.257
16.2285	-0.258
16.229	-0.274
16.2295	-0.307
16.23	-0.339
16.2305	-0.361
16.231	-0.380
16.2315	-0.380
16.232	-0.343
16.2325	-0.276
16.233	-0.203
16.2335	-0.148
16.234	-0.121
16.2345	-0.116
16.235	-0.122
16.2355	-0.132
16.236	-0.147
16.2365	-0.174
16.237	-0.204
16.2375	-0.225
16.238	-0.220
16.2385	-0.187
16.239	-0.145
16.2395	-0.112
16.24	-0.102
16.2405	-0.117
16.241	-0.141
16.2415	-0.177
16.242	-0.212
16.2425	-0.222
16.243	-0.200
16.2435	-0.152
16.244	-0.109
16.2445	-0.080
16.245	-0.055
16.2455	-0.053
16.246	-0.084
16.2465	-0.132
16.247	-0.181
16.2475	-0.222
16.248	-0.249
16.2485	-0.258
16.249	-0.257
16.2495	-0.270
