Interval=	0.0005 s
ExcelDateTime=	4.5061510865477096e+004	5/15/2023 12:15:38.777221
TimeFormat=	StartOfBlock
DateFormat=	
ChannelTitle=	Channel 1
Range=	10.000 mV
130.135	1.003
130.1355	0.915
130.136	0.829
130.1365	0.738
130.137	0.658
130.1375	0.570
130.138	0.531
130.1385	0.451
130.139	0.284
130.1395	0.245
130.14	0.246
130.1405	0.245
130.141	0.267
130.1415	0.270
130.142	0.263
130.1425	0.232
130.143	0.178
130.1435	0.103
130.144	0.015
130.1445	-0.077
130.145	-0.163
130.1455	-0.239
130.146	-0.303
130.1465	-0.361
130.147	-0.417
130.1475	-0.462
130.148	-0.482
130.1485	-0.475
130.149	-0.452
130.1495	-0.424
130.15	-0.388
130.1505	-0.334
130.151	-0.255
130.1515	-0.163
130.152	-0.082
130.1525	-0.021
130.153	0.019
130.1535	0.043
130.154	0.052
130.1545	0.041
130.155	0.006
130.1555	-0.043
130.156	-0.090
130.1565	-0.125
130.157	-0.133
130.1575	-0.153
130.158	-0.146
130.1585	-0.202
130.159	-0.341
130.1595	-0.344
130.16	-0.310
130.1605	-0.286
130.161	-0.241
130.1615	-0.207
130.162	-0.176
130.1625	-0.174
130.163	-0.202
130.1635	-0.252
130.164	-0.307
130.1645	-0.356
130.165	-0.403
130.1655	-0.459
130.166	-0.526
130.1665	-0.591
130.167	-0.635
130.1675	-0.646
130.168	-0.631
130.1685	-0.605
130.169	-0.572
130.1695	-0.524
130.17	-0.453
130.1705	-0.363
130.171	-0.268
130.1715	-0.184
130.172	-0.115
130.1725	-0.059
130.173	-0.028
130.1735	-0.034
130.174	-0.074
130.1745	-0.127
130.175	-0.175
130.1755	-0.215
130.176	-0.251
130.1765	-0.286
130.177	-0.298
130.1775	-0.304
130.178	-0.255
130.1785	-0.248
130.179	-0.330
130.1795	-0.302
130.18	-0.267
130.1805	-0.277
130.181	-0.321
130.1815	-0.445
130.182	-0.640
130.1825	-0.908
130.183	-1.210
130.1835	-1.483
130.184	-1.655
130.1845	-1.684
130.185	-1.569
130.1855	-1.338
130.186	-1.033
130.1865	-0.705
130.187	-0.407
130.1875	-0.181
130.188	-0.039
130.1885	0.034
130.189	0.069
130.1895	0.087
130.19	0.096
130.1905	0.102
130.191	0.115
130.1915	0.146
130.192	0.188
130.1925	0.220
130.193	0.225
130.1935	0.211
130.194	0.192
130.1945	0.165
130.195	0.122
130.1955	0.069
130.196	0.028
130.1965	0.010
130.197	0.025
130.1975	0.031
130.198	0.063
130.1985	0.035
130.199	-0.074
130.1995	-0.044
130.2	0.029
130.2005	0.091
130.201	0.169
130.2015	0.232
130.202	0.283
130.2025	0.304
130.203	0.292
130.2035	0.253
130.204	0.200
130.2045	0.146
130.205	0.094
130.2055	0.041
130.206	-0.019
130.2065	-0.080
130.207	-0.127
130.2075	-0.145
130.208	-0.135
130.2085	-0.116
130.209	-0.097
130.2095	-0.072
130.21	-0.029
130.2105	0.030
130.211	0.091
130.2115	0.140
130.212	0.175
130.2125	0.198
130.213	0.205
130.2135	0.185
130.214	0.141
130.2145	0.087
130.215	0.038
130.2155	-0.004
130.216	-0.042
130.2165	-0.082
130.217	-0.107
130.2175	-0.133
130.218	-0.112
130.2185	-0.138
130.219	-0.251
130.2195	-0.240
130.22	-0.183
130.2205	-0.117
130.221	-0.026
130.2215	0.047
130.222	0.107
130.2225	0.143
130.223	0.161
130.2235	0.155
130.224	0.122
130.2245	0.065
130.225	-0.001
130.2255	-0.063
130.226	-0.114
130.2265	-0.154
130.227	-0.190
130.2275	-0.218
130.228	-0.226
130.2285	-0.217
130.229	-0.200
130.2295	-0.182
130.23	-0.162
130.2305	-0.131
130.231	-0.089
130.2315	-0.048
130.232	-0.028
130.2325	-0.031
130.233	-0.047
130.2335	-0.069
130.234	-0.099
130.2345	-0.137
130.235	-0.173
130.2355	-0.195
130.236	-0.203
130.2365	-0.212
130.237	-0.208
130.2375	-0.210
130.238	-0.162
130.2385	-0.153
130.239	-0.234
130.2395	-0.205
130.24	-0.148
130.2405	-0.090
130.241	-0.005
130.2415	0.066
130.242	0.124
130.2425	0.161
130.243	0.191
130.2435	0.215
130.244	0.224
130.2445	0.207
130.245	0.165
130.2455	0.108
130.246	0.055
130.2465	0.017
130.247	-0.014
130.2475	-0.047
130.248	-0.081
130.2485	-0.104
130.249	-0.112
130.2495	-0.108
130.25	-0.093
130.2505	-0.061
130.251	-0.005
130.2515	0.068
130.252	0.133
130.2525	0.167
130.253	0.161
130.2535	0.132
130.254	0.098
130.2545	0.061
130.255	0.011
130.2555	-0.044
130.256	-0.089
130.2565	-0.118
130.257	-0.121
130.2575	-0.134
130.258	-0.115
130.2585	-0.138
130.259	-0.221
130.2595	-0.158
130.26	-0.050
130.2605	0.044
130.261	0.142
130.2615	0.204
130.262	0.222
130.2625	0.161
130.263	0.016
130.2635	-0.205
130.264	-0.481
130.2645	-0.776
130.265	-1.035
130.2655	-1.211
130.266	-1.271
130.2665	-1.194
130.267	-0.986
130.2675	-0.690
130.268	-0.372
130.2685	-0.086
130.269	0.143
130.2695	0.313
130.27	0.424
130.2705	0.478
130.271	0.491
130.2715	0.487
130.272	0.477
130.2725	0.454
130.273	0.403
130.2735	0.327
130.274	0.247
130.2745	0.179
130.275	0.115
130.2755	0.043
130.276	-0.028
130.2765	-0.082
130.277	-0.090
130.2775	-0.077
130.278	-0.012
130.2785	0.005
130.279	-0.057
130.2795	0.015
130.28	0.125
130.2805	0.215
130.281	0.305
130.2815	0.372
130.282	0.436
130.2825	0.483
130.283	0.500
130.2835	0.486
130.284	0.451
130.2845	0.413
130.285	0.377
130.2855	0.340
130.286	0.296
130.2865	0.243
130.287	0.187
130.2875	0.143
130.288	0.119
130.2885	0.108
130.289	0.099
130.2895	0.097
130.29	0.116
130.2905	0.159
130.291	0.207
130.2915	0.243
130.292	0.261
130.2925	0.264
130.293	0.247
130.2935	0.209
130.294	0.145
130.2945	0.066
130.295	-0.011
130.2955	-0.077
130.296	-0.127
130.2965	-0.175
130.297	-0.206
130.2975	-0.236
130.298	-0.217
130.2985	-0.237
130.299	-0.332
130.2995	-0.298
130.3	-0.219
130.3005	-0.132
130.301	-0.022
130.3015	0.067
130.302	0.141
130.3025	0.193
130.303	0.230
130.3035	0.245
130.304	0.229
130.3045	0.185
130.305	0.125
130.3055	0.067
130.306	0.019
130.3065	-0.024
130.307	-0.068
130.3075	-0.112
130.308	-0.145
130.3085	-0.156
130.309	-0.150
130.3095	-0.135
130.31	-0.117
130.3105	-0.088
130.311	-0.047
130.3115	-0.008
130.312	0.009
130.3125	-0.007
130.313	-0.049
130.3135	-0.105
130.314	-0.172
130.3145	-0.251
130.315	-0.332
130.3155	-0.398
130.316	-0.435
130.3165	-0.455
130.317	-0.452
130.3175	-0.453
130.318	-0.409
130.3185	-0.402
130.319	-0.462
130.3195	-0.389
130.32	-0.274
130.3205	-0.157
130.321	-0.018
130.3215	0.101
130.322	0.202
130.3225	0.270
130.323	0.312
130.3235	0.331
130.324	0.322
130.3245	0.284
130.325	0.225
130.3255	0.154
130.326	0.089
130.3265	0.043
130.327	0.014
130.3275	-0.007
130.328	-0.021
130.3285	-0.023
130.329	-0.013
130.3295	0.006
130.33	0.023
130.3305	0.038
130.331	0.058
130.3315	0.087
130.332	0.116
130.3325	0.124
130.333	0.103
130.3335	0.069
130.334	0.033
130.3345	-0.011
130.335	-0.066
130.3355	-0.122
130.336	-0.161
130.3365	-0.181
130.337	-0.182
130.3375	-0.198
130.338	-0.187
130.3385	-0.218
130.339	-0.307
130.3395	-0.257
130.34	-0.171
130.3405	-0.099
130.341	-0.010
130.3415	0.072
130.342	0.157
130.3425	0.228
130.343	0.278
130.3435	0.297
130.344	0.274
130.3445	0.190
130.345	0.028
130.3455	-0.221
130.346	-0.545
130.3465	-0.914
130.347	-1.275
130.3475	-1.552
130.348	-1.681
130.3485	-1.635
130.349	-1.420
130.3495	-1.070
130.35	-0.648
130.3505	-0.232
130.351	0.109
130.3515	0.343
130.352	0.478
130.3525	0.528
130.353	0.498
130.3535	0.408
130.354	0.293
130.3545	0.186
130.355	0.100
130.3555	0.027
130.356	-0.038
130.3565	-0.099
130.357	-0.127
130.3575	-0.143
130.358	-0.115
130.3585	-0.137
130.359	-0.237
130.3595	-0.196
130.36	-0.100
130.3605	-0.007
130.361	0.091
130.3615	0.160
130.362	0.219
130.3625	0.259
130.363	0.282
130.3635	0.285
130.364	0.271
130.3645	0.253
130.365	0.238
130.3655	0.219
130.366	0.190
130.3665	0.148
130.367	0.110
130.3675	0.091
130.368	0.094
130.3685	0.102
130.369	0.108
130.3695	0.119
130.37	0.145
130.3705	0.186
130.371	0.225
130.3715	0.249
130.372	0.261
130.3725	0.264
130.373	0.249
130.3735	0.209
130.374	0.147
130.3745	0.077
130.375	0.017
130.3755	-0.029
130.376	-0.064
130.3765	-0.098
130.377	-0.115
130.3775	-0.133
130.378	-0.106
130.3785	-0.127
130.379	-0.233
130.3795	-0.222
130.38	-0.170
130.3805	-0.114
130.381	-0.037
130.3815	0.021
130.382	0.074
130.3825	0.111
130.383	0.134
130.3835	0.132
130.384	0.105
130.3845	0.058
130.385	0.007
130.3855	-0.039
130.386	-0.078
130.3865	-0.110
130.387	-0.138
130.3875	-0.153
130.388	-0.145
130.3885	-0.119
130.389	-0.096
130.3895	-0.081
130.39	-0.063
130.3905	-0.028
130.391	0.026
130.3915	0.081
130.392	0.114
130.3925	0.119
130.393	0.099
130.3935	0.058
130.394	-0.004
130.3945	-0.083
130.395	-0.165
130.3955	-0.234
130.396	-0.286
130.3965	-0.332
130.397	-0.361
130.3975	-0.389
130.398	-0.362
130.3985	-0.365
130.399	-0.437
130.3995	-0.387
130.4	-0.300
130.4005	-0.213
130.401	-0.107
130.4015	-0.019
130.402	0.056
130.4025	0.106
130.403	0.143
130.4035	0.164
130.404	0.160
130.4045	0.128
130.405	0.073
130.4055	0.009
130.406	-0.042
130.4065	-0.070
130.407	-0.080
130.4075	-0.082
130.408	-0.074
130.4085	-0.051
130.409	-0.013
130.4095	0.023
130.41	0.049
130.4105	0.077
130.411	0.121
130.4115	0.178
130.412	0.226
130.4125	0.246
130.413	0.237
130.4135	0.212
130.414	0.178
130.4145	0.130
130.415	0.067
130.4155	0.001
130.416	-0.050
130.4165	-0.091
130.417	-0.121
130.4175	-0.168
130.418	-0.176
130.4185	-0.214
130.419	-0.305
130.4195	-0.266
130.42	-0.196
130.4205	-0.139
130.421	-0.068
130.4215	-0.013
130.422	0.034
130.4225	0.062
130.423	0.081
130.4235	0.098
130.424	0.113
130.4245	0.115
130.425	0.085
130.4255	0.006
130.426	-0.123
130.4265	-0.293
130.427	-0.496
130.4275	-0.733
130.428	-0.996
130.4285	-1.249
130.429	-1.427
130.4295	-1.467
130.43	-1.342
130.4305	-1.075
130.431	-0.713
130.4315	-0.314
130.432	0.066
130.4325	0.377
130.433	0.576
130.4335	0.655
130.434	0.643
130.4345	0.579
130.435	0.483
130.4355	0.372
130.436	0.263
130.4365	0.172
130.437	0.125
130.4375	0.092
130.438	0.102
130.4385	0.057
130.439	-0.067
130.4395	-0.058
130.44	-0.004
130.4405	0.046
130.441	0.110
130.4415	0.163
130.442	0.222
130.4425	0.269
130.443	0.297
130.4435	0.297
130.444	0.278
130.4445	0.254
130.445	0.234
130.4455	0.212
130.446	0.179
130.4465	0.142
130.447	0.119
130.4475	0.124
130.448	0.152
130.4485	0.184
130.449	0.216
130.4495	0.254
130.45	0.309
130.4505	0.372
130.451	0.426
130.4515	0.462
130.452	0.486
130.4525	0.506
130.453	0.507
130.4535	0.478
130.454	0.431
130.4545	0.379
130.455	0.331
130.4555	0.282
130.456	0.224
130.4565	0.152
130.457	0.095
130.4575	0.041
130.458	0.032
130.4585	-0.021
130.459	-0.152
130.4595	-0.163
130.46	-0.131
130.4605	-0.099
130.461	-0.055
130.4615	-0.034
130.462	-0.021
130.4625	-0.013
130.463	-0.007
130.4635	-0.010
130.464	-0.030
130.4645	-0.062
130.465	-0.098
130.4655	-0.130
130.466	-0.157
130.4665	-0.182
130.467	-0.205
130.4675	-0.213
130.468	-0.199
130.4685	-0.174
130.469	-0.148
130.4695	-0.121
130.47	-0.084
130.4705	-0.030
130.471	0.036
130.4715	0.099
130.472	0.142
130.4725	0.167
130.473	0.181
130.4735	0.176
130.474	0.144
130.4745	0.090
130.475	0.024
130.4755	-0.042
130.476	-0.110
130.4765	-0.190
130.477	-0.263
130.4775	-0.339
130.478	-0.361
130.4785	-0.412
130.479	-0.523
130.4795	-0.501
130.48	-0.432
130.4805	-0.359
130.481	-0.270
130.4815	-0.207
130.482	-0.160
130.4825	-0.133
130.483	-0.114
130.4835	-0.105
130.484	-0.112
130.4845	-0.136
130.485	-0.169
130.4855	-0.202
130.486	-0.224
130.4865	-0.232
130.487	-0.233
130.4875	-0.229
130.488	-0.210
130.4885	-0.177
130.489	-0.137
130.4895	-0.088
130.49	-0.023
130.4905	0.066
130.491	0.171
130.4915	0.270
130.492	0.346
130.4925	0.398
130.493	0.432
130.4935	0.444
130.494	0.430
130.4945	0.389
130.495	0.329
130.4955	0.268
130.496	0.213
130.4965	0.154
130.497	0.104
130.4975	0.046
130.498	0.036
130.4985	-0.006
130.499	-0.118
130.4995	-0.116
130.5	-0.086
130.5005	-0.064
130.501	-0.028
130.5015	-0.009
130.502	-0.001
130.5025	-0.011
130.503	-0.031
130.5035	-0.056
130.504	-0.090
130.5045	-0.137
130.505	-0.192
130.5055	-0.246
130.506	-0.283
130.5065	-0.294
130.507	-0.294
130.5075	-0.301
130.508	-0.326
130.5085	-0.386
130.509	-0.491
130.5095	-0.655
130.51	-0.864
130.5105	-1.085
130.511	-1.234
130.5115	-1.257
130.512	-1.217
130.5125	-1.037
130.513	-0.722
130.5135	-0.376
130.514	-0.023
130.5145	0.281
130.515	0.503
130.5155	0.631
130.516	0.684
130.5165	0.687
130.517	0.673
130.5175	0.626
130.518	0.595
130.5185	0.511
130.519	0.365
130.5195	0.371
130.52	0.437
130.5205	0.507
130.521	0.603
130.5215	0.695
130.522	0.799
130.5225	0.899
130.523	0.993
130.5235	1.080
130.524	1.162
130.5245	1.234
130.525	1.285
130.5255	1.302
130.526	1.281
130.5265	1.236
130.527	1.191
130.5275	1.157
130.528	1.129
130.5285	1.087
130.529	1.034
130.5295	1.001
130.53	0.960
130.5305	0.902
130.531	0.846
130.5315	0.796
130.532	0.773
130.5325	0.770
130.533	0.767
130.5335	0.755
130.534	0.735
130.5345	0.720
130.535	0.710
130.5355	0.697
130.536	0.671
130.5365	0.641
130.537	0.624
130.5375	0.609
130.538	0.626
130.5385	0.556
130.539	0.442
130.5395	0.450
130.54	0.472
130.5405	0.507
130.541	0.563
130.5415	0.621
130.542	0.694
130.5425	0.766
130.543	0.832
130.5435	0.904
130.544	0.941
130.5445	0.953
130.545	0.970
130.5455	0.970
130.546	0.948
130.5465	0.901
130.547	0.841
130.5475	0.795
130.548	0.763
130.5485	0.728
130.549	0.681
130.5495	0.635
130.55	0.604
130.5505	0.590
130.551	0.580
130.5515	0.563
130.552	0.548
130.5525	0.536
130.553	0.517
130.5535	0.482
130.554	0.433
130.5545	0.386
130.555	0.354
130.5555	0.331
130.556	0.303
130.5565	0.257
130.557	0.219
130.5575	0.174
130.558	0.159
130.5585	0.086
130.559	-0.070
130.5595	-0.108
130.56	-0.098
130.5605	-0.078
130.561	-0.028
130.5615	0.023
130.562	0.088
130.5625	0.155
130.563	0.219
130.5635	0.272
130.564	0.311
130.5645	0.341
130.565	0.368
130.5655	0.393
130.566	0.409
130.5665	0.410
130.567	0.396
130.5675	0.382
130.568	0.375
130.5685	0.364
130.569	0.345
130.5695	0.321
130.57	0.307
130.5705	0.316
130.571	0.337
130.5715	0.354
130.572	0.363
130.5725	0.365
130.573	0.363
130.5735	0.353
130.574	0.332
130.5745	0.301
130.575	0.268
130.5755	0.242
130.576	0.223
130.5765	0.199
130.577	0.182
130.5775	0.155
130.578	0.167
130.5785	0.138
130.579	0.034
130.5795	0.043
130.58	0.083
130.5805	0.119
130.581	0.172
130.5815	0.210
130.582	0.242
130.5825	0.265
130.583	0.289
130.5835	0.309
130.584	0.321
130.5845	0.322
130.585	0.316
130.5855	0.312
130.586	0.311
130.5865	0.309
130.587	0.299
130.5875	0.285
130.588	0.277
130.5885	0.275
130.589	0.263
130.5895	0.216
130.59	0.119
130.5905	-0.026
130.591	-0.217
130.5915	-0.464
130.592	-0.769
130.5925	-1.091
130.593	-1.350
130.5935	-1.478
130.594	-1.447
130.5945	-1.273
130.595	-0.998
130.5955	-0.674
130.596	-0.361
130.5965	-0.114
130.597	0.060
130.5975	0.141
130.598	0.196
130.5985	0.166
130.599	0.032
130.5995	-0.000
130.6	-0.006
130.6005	-0.015
130.601	0.009
130.6015	0.035
130.602	0.070
130.6025	0.107
130.603	0.148
130.6035	0.186
130.604	0.207
130.6045	0.213
130.605	0.221
130.6055	0.230
130.606	0.242
130.6065	0.261
130.607	0.271
130.6075	0.270
130.608	0.270
130.6085	0.282
130.609	0.292
130.6095	0.290
130.61	0.279
130.6105	0.275
130.611	0.295
130.6115	0.336
130.612	0.384
130.6125	0.428
130.613	0.473
130.6135	0.522
130.614	0.563
130.6145	0.584
130.615	0.580
130.6155	0.567
130.616	0.557
130.6165	0.551
130.617	0.546
130.6175	0.515
130.618	0.502
130.6185	0.399
130.619	0.260
130.6195	0.249
130.62	0.238
130.6205	0.233
130.621	0.244
130.6215	0.263
130.622	0.275
130.6225	0.280
130.623	0.317
130.6235	0.333
130.624	0.342
130.6245	0.357
130.625	0.350
130.6255	0.327
130.626	0.295
130.6265	0.272
130.627	0.261
130.6275	0.253
130.628	0.239
130.6285	0.220
130.629	0.214
130.6295	0.225
130.63	0.241
130.6305	0.257
130.631	0.280
130.6315	0.314
130.632	0.355
130.6325	0.385
130.633	0.396
130.6335	0.394
130.634	0.388
130.6345	0.376
130.635	0.350
130.6355	0.316
130.636	0.288
130.6365	0.266
130.637	0.258
130.6375	0.229
130.638	0.214
130.6385	0.132
130.639	-0.032
130.6395	-0.069
130.64	-0.070
130.6405	-0.085
130.641	-0.083
130.6415	-0.084
130.642	-0.070
130.6425	-0.055
130.643	-0.042
130.6435	-0.032
130.644	-0.020
130.6445	-0.005
130.645	0.007
130.6455	0.000
130.646	-0.029
130.6465	-0.061
130.647	-0.076
130.6475	-0.064
130.648	-0.041
130.6485	-0.025
130.649	-0.012
130.6495	0.011
130.65	0.051
130.6505	0.103
130.651	0.158
130.6515	0.214
130.652	0.274
130.6525	0.327
130.653	0.358
130.6535	0.362
130.654	0.348
130.6545	0.329
130.655	0.311
130.6555	0.288
130.656	0.261
130.6565	0.229
130.657	0.217
130.6575	0.197
130.658	0.203
130.6585	0.142
130.659	-0.008
130.6595	-0.036
130.66	-0.025
130.6605	-0.018
130.661	0.005
130.6615	0.021
130.662	0.049
130.6625	0.073
130.663	0.085
130.6635	0.083
130.664	0.072
130.6645	0.062
130.665	0.056
130.6655	0.042
130.666	0.015
130.6665	-0.024
130.667	-0.059
130.6675	-0.075
130.668	-0.077
130.6685	-0.082
130.669	-0.089
130.6695	-0.080
130.67	-0.043
130.6705	0.007
130.671	0.034
130.6715	0.010
130.672	-0.069
130.6725	-0.200
130.673	-0.398
130.6735	-0.660
130.674	-0.942
130.6745	-1.176
130.675	-1.310
130.6755	-1.318
130.676	-1.201
130.6765	-0.981
130.677	-0.692
130.6775	-0.423
130.678	-0.181
130.6785	-0.070
130.679	-0.110
130.6795	-0.073
130.68	-0.037
130.6805	-0.036
130.681	-0.036
130.6815	-0.047
130.682	-0.044
130.6825	-0.039
130.683	-0.033
130.6835	-0.030
130.684	-0.024
130.6845	-0.011
130.685	0.001
130.6855	0.002
130.686	-0.015
130.6865	-0.041
130.687	-0.056
130.6875	-0.046
130.688	-0.018
130.6885	0.005
130.689	0.022
130.6895	0.048
130.69	0.092
130.6905	0.152
130.691	0.217
130.6915	0.286
130.692	0.365
130.6925	0.446
130.693	0.510
130.6935	0.550
130.694	0.570
130.6945	0.580
130.695	0.587
130.6955	0.587
130.696	0.577
130.6965	0.556
130.697	0.542
130.6975	0.515
130.698	0.515
130.6985	0.454
130.699	0.303
130.6995	0.267
130.7	0.274
130.7005	0.283
130.701	0.311
130.7015	0.330
130.702	0.357
130.7025	0.375
130.703	0.374
130.7035	0.353
130.704	0.320
130.7045	0.292
130.705	0.272
130.7055	0.247
130.706	0.210
130.7065	0.159
130.707	0.111
130.7075	0.084
130.708	0.070
130.7085	0.052
130.709	0.033
130.7095	0.031
130.71	0.055
130.7105	0.092
130.711	0.135
130.7115	0.186
130.712	0.251
130.7125	0.322
130.713	0.380
130.7135	0.415
130.714	0.430
130.7145	0.437
130.715	0.436
130.7155	0.422
130.716	0.391
130.7165	0.346
130.717	0.313
130.7175	0.274
130.718	0.267
130.7185	0.200
130.719	0.045
130.7195	0.010
130.72	0.014
130.7205	0.010
130.721	0.018
130.7215	0.012
130.722	0.015
130.7225	0.016
130.723	0.007
130.7235	-0.021
130.724	-0.059
130.7245	-0.098
130.725	-0.126
130.7255	-0.145
130.726	-0.165
130.7265	-0.194
130.727	-0.228
130.7275	-0.246
130.728	-0.244
130.7285	-0.236
130.729	-0.231
130.7295	-0.227
130.73	-0.206
130.7305	-0.156
130.731	-0.088
130.7315	-0.021
130.732	0.040
130.7325	0.098
130.733	0.151
130.7335	0.194
130.734	0.219
130.7345	0.230
130.735	0.234
130.7355	0.235
130.736	0.229
130.7365	0.206
130.737	0.183
130.7375	0.144
130.738	0.140
130.7385	0.084
130.739	-0.057
130.7395	-0.081
130.74	-0.069
130.7405	-0.057
130.741	-0.024
130.7415	-0.003
130.742	0.023
130.7425	0.039
130.743	0.050
130.7435	0.053
130.744	0.042
130.7445	0.020
130.745	-0.010
130.7455	-0.043
130.746	-0.077
130.7465	-0.117
130.747	-0.161
130.7475	-0.194
130.748	-0.207
130.7485	-0.210
130.749	-0.209
130.7495	-0.211
130.75	-0.189
130.7505	-0.152
130.751	-0.128
130.7515	-0.076
130.752	-0.010
130.7525	0.048
130.753	0.090
130.7535	0.081
130.754	-0.004
130.7545	-0.175
130.755	-0.422
130.7555	-0.733
130.756	-1.088
130.7565	-1.425
130.757	-1.653
130.7575	-1.728
130.758	-1.598
130.7585	-1.418
130.759	-1.205
130.7595	-0.859
130.76	-0.529
130.7605	-0.247
130.761	-0.042
130.7615	0.075
130.762	0.138
130.7625	0.152
130.763	0.133
130.7635	0.090
130.764	0.039
130.7645	-0.004
130.765	-0.035
130.7655	-0.058
130.766	-0.086
130.7665	-0.121
130.767	-0.156
130.7675	-0.177
130.768	-0.183
130.7685	-0.187
130.769	-0.190
130.7695	-0.188
130.77	-0.175
130.7705	-0.156
130.771	-0.147
130.7715	-0.151
130.772	-0.154
130.7725	-0.152
130.773	-0.147
130.7735	-0.147
130.774	-0.149
130.7745	-0.142
130.775	-0.125
130.7755	-0.112
130.776	-0.109
130.7765	-0.116
130.777	-0.112
130.7775	-0.120
130.778	-0.108
130.7785	-0.161
130.779	-0.297
130.7795	-0.318
130.78	-0.300
130.7805	-0.283
130.781	-0.248
130.7815	-0.217
130.782	-0.177
130.7825	-0.148
130.783	-0.133
130.7835	-0.131
130.784	-0.138
130.7845	-0.145
130.785	-0.157
130.7855	-0.189
130.786	-0.248
130.7865	-0.319
130.787	-0.374
130.7875	-0.403
130.788	-0.421
130.7885	-0.445
130.789	-0.464
130.7895	-0.459
130.79	-0.423
130.7905	-0.372
130.791	-0.316
130.7915	-0.257
130.792	-0.188
130.7925	-0.125
130.793	-0.088
130.7935	-0.073
130.794	-0.059
130.7945	-0.038
130.795	-0.018
130.7955	-0.011
130.796	-0.013
130.7965	-0.020
130.797	-0.015
130.7975	-0.031
130.798	-0.034
130.7985	-0.097
130.799	-0.232
130.7995	-0.235
130.8	-0.202
130.8005	-0.185
130.801	-0.154
130.8015	-0.134
130.802	-0.114
130.8025	-0.114
130.803	-0.133
130.8035	-0.162
130.804	-0.193
130.8045	-0.224
130.805	-0.264
130.8055	-0.323
130.806	-0.397
130.8065	-0.461
130.807	-0.499
130.8075	-0.515
130.808	-0.525
130.8085	-0.535
130.809	-0.529
130.8095	-0.502
130.81	-0.462
130.8105	-0.420
130.811	-0.368
130.8115	-0.301
130.812	-0.225
130.8125	-0.154
130.813	-0.100
130.8135	-0.059
130.814	-0.021
130.8145	0.010
130.815	0.025
130.8155	0.027
130.816	0.030
130.8165	0.038
130.817	0.057
130.8175	0.047
130.818	0.054
130.8185	0.002
130.819	-0.124
130.8195	-0.122
130.82	-0.089
130.8205	-0.072
130.821	-0.033
130.8215	0.004
130.822	0.047
130.8225	0.077
130.823	0.100
130.8235	0.120
130.824	0.134
130.8245	0.134
130.825	0.112
130.8255	0.065
130.826	0.006
130.8265	-0.044
130.827	-0.080
130.8275	-0.113
130.828	-0.145
130.8285	-0.173
130.829	-0.187
130.8295	-0.187
130.83	-0.179
130.8305	-0.161
130.831	-0.121
130.8315	-0.062
130.832	0.000
130.8325	0.054
130.833	0.105
130.8335	0.162
130.834	0.219
130.8345	0.253
130.835	0.228
130.8355	0.161
130.836	0.035
130.8365	-0.175
130.837	-0.443
130.8375	-0.779
130.838	-1.085
130.8385	-1.394
130.839	-1.616
130.8395	-1.585
130.84	-1.418
130.8405	-1.138
130.841	-0.789
130.8415	-0.449
130.842	-0.152
130.8425	0.072
130.843	0.224
130.8435	0.306
130.844	0.330
130.8445	0.312
130.845	0.274
130.8455	0.234
130.846	0.189
130.8465	0.133
130.847	0.061
130.8475	-0.007
130.848	-0.051
130.8485	-0.073
130.849	-0.092
130.8495	-0.110
130.85	-0.113
130.8505	-0.089
130.851	-0.042
130.8515	0.014
130.852	0.072
130.8525	0.135
130.853	0.200
130.8535	0.256
130.854	0.295
130.8545	0.325
130.855	0.353
130.8555	0.383
130.856	0.404
130.8565	0.415
130.857	0.424
130.8575	0.422
130.858	0.446
130.8585	0.370
130.859	0.235
130.8595	0.217
130.86	0.219
130.8605	0.245
130.861	0.296
130.8615	0.345
130.862	0.399
130.8625	0.446
130.863	0.481
130.8635	0.497
130.864	0.499
130.8645	0.494
130.865	0.482
130.8655	0.457
130.866	0.412
130.8665	0.347
130.867	0.277
130.8675	0.219
130.868	0.180
130.8685	0.146
130.869	0.110
130.8695	0.082
130.87	0.069
130.8705	0.072
130.871	0.091
130.8715	0.122
130.872	0.166
130.8725	0.216
130.873	0.254
130.8735	0.275
130.874	0.287
130.8745	0.300
130.875	0.312
130.8755	0.318
130.876	0.316
130.8765	0.317
130.877	0.330
130.8775	0.327
130.878	0.343
130.8785	0.260
130.879	0.127
130.8795	0.122
130.88	0.121
130.8805	0.126
130.881	0.146
130.8815	0.171
130.882	0.212
130.8825	0.250
130.883	0.281
130.8835	0.301
130.884	0.309
130.8845	0.303
130.885	0.278
130.8855	0.224
130.886	0.137
130.8865	0.035
130.887	-0.057
130.8875	-0.129
130.888	-0.185
130.8885	-0.229
130.889	-0.254
130.8895	-0.253
130.89	-0.232
130.8905	-0.201
130.891	-0.162
130.8915	-0.106
130.892	-0.028
130.8925	0.057
130.893	0.132
130.8935	0.194
130.894	0.251
130.8945	0.306
130.895	0.347
130.8955	0.371
130.896	0.385
130.8965	0.401
130.897	0.426
130.8975	0.431
130.898	0.452
130.8985	0.370
130.899	0.243
130.8995	0.250
130.9	0.259
130.9005	0.268
130.901	0.295
130.9015	0.327
130.902	0.372
130.9025	0.405
130.903	0.430
130.9035	0.451
130.904	0.470
130.9045	0.482
130.905	0.479
130.9055	0.451
130.906	0.403
130.9065	0.354
130.907	0.311
130.9075	0.271
130.908	0.230
130.9085	0.188
130.909	0.152
130.9095	0.121
130.91	0.091
130.9105	0.069
130.911	0.069
130.9115	0.098
130.912	0.142
130.9125	0.182
130.913	0.213
130.9135	0.246
130.914	0.283
130.9145	0.319
130.915	0.349
130.9155	0.382
130.916	0.418
130.9165	0.447
130.917	0.452
130.9175	0.378
130.918	0.249
130.9185	-0.051
130.919	-0.459
130.9195	-0.792
130.92	-1.143
130.9205	-1.443
130.921	-1.599
130.9215	-1.587
130.922	-1.402
130.9225	-1.094
130.923	-0.720
130.9235	-0.347
130.924	-0.034
130.9245	0.182
130.925	0.294
130.9255	0.317
130.926	0.280
130.9265	0.210
130.927	0.120
130.9275	0.018
130.928	-0.077
130.9285	-0.146
130.929	-0.188
130.9295	-0.213
130.93	-0.231
130.9305	-0.232
130.931	-0.207
130.9315	-0.162
130.932	-0.110
130.9325	-0.066
130.933	-0.023
130.9335	0.026
130.934	0.074
130.9345	0.113
130.935	0.138
130.9355	0.161
130.936	0.190
130.9365	0.220
130.937	0.245
130.9375	0.240
130.938	0.254
130.9385	0.173
130.939	0.050
130.9395	0.059
130.94	0.070
130.9405	0.093
130.941	0.143
130.9415	0.199
130.942	0.261
130.9425	0.312
130.943	0.361
130.9435	0.404
130.944	0.432
130.9445	0.438
130.945	0.423
130.9455	0.397
130.946	0.365
130.9465	0.325
130.947	0.273
130.9475	0.215
130.948	0.169
130.9485	0.139
130.949	0.114
130.9495	0.084
130.95	0.054
130.9505	0.041
130.951	0.056
130.9515	0.090
130.952	0.130
130.9525	0.168
130.953	0.208
130.9535	0.245
130.954	0.268
130.9545	0.272
130.955	0.264
130.9555	0.258
130.956	0.261
130.9565	0.264
130.957	0.268
130.9575	0.254
130.958	0.274
130.9585	0.209
130.959	0.101
130.9595	0.114
130.96	0.121
130.9605	0.128
130.961	0.151
130.9615	0.174
130.962	0.207
130.9625	0.243
130.963	0.283
130.9635	0.313
130.964	0.321
130.9645	0.306
130.965	0.275
130.9655	0.241
130.966	0.211
130.9665	0.181
130.967	0.133
130.9675	0.068
130.968	0.003
130.9685	-0.054
130.969	-0.109
130.9695	-0.166
130.97	-0.215
130.9705	-0.230
130.971	-0.205
130.9715	-0.153
130.972	-0.094
130.9725	-0.030
130.973	0.039
130.9735	0.107
130.974	0.163
130.9745	0.201
130.975	0.227
130.9755	0.251
130.976	0.273
130.9765	0.287
130.977	0.295
130.9775	0.283
130.978	0.310
130.9785	0.252
130.979	0.145
130.9795	0.157
130.98	0.163
130.9805	0.175
130.981	0.211
130.9815	0.251
130.982	0.307
130.9825	0.365
130.983	0.423
130.9835	0.464
130.984	0.484
130.9845	0.487
130.985	0.480
130.9855	0.467
130.986	0.441
130.9865	0.394
130.987	0.330
130.9875	0.267
130.988	0.219
130.9885	0.176
130.989	0.128
130.9895	0.079
130.99	0.047
130.9905	0.041
130.991	0.053
130.9915	0.071
130.992	0.096
130.9925	0.129
130.993	0.163
130.9935	0.189
130.994	0.201
130.9945	0.210
130.995	0.220
130.9955	0.233
130.996	0.244
130.9965	0.249
130.997	0.262
130.9975	0.269
130.998	0.309
130.9985	0.232
130.999	0.056
130.9995	-0.055
131	-0.223
131.0005	-0.434
131.001	-0.670
131.0015	-0.932
131.002	-1.170
131.0025	-1.330
131.003	-1.356
131.0035	-1.234
131.004	-0.993
131.0045	-0.690
131.005	-0.383
131.0055	-0.109
131.006	0.104
131.0065	0.236
131.007	0.283
131.0075	0.263
131.008	0.208
131.0085	0.141
131.009	0.068
131.0095	-0.006
131.01	-0.067
131.0105	-0.095
131.011	-0.087
131.0115	-0.059
131.012	-0.021
131.0125	0.023
131.013	0.071
131.0135	0.117
131.014	0.154
131.0145	0.181
131.015	0.202
131.0155	0.226
131.016	0.249
131.0165	0.264
131.017	0.274
131.0175	0.269
131.018	0.306
131.0185	0.258
131.019	0.164
131.0195	0.197
131.02	0.227
131.0205	0.265
131.021	0.322
131.0215	0.372
131.022	0.426
131.0225	0.474
131.023	0.514
131.0235	0.535
131.024	0.537
131.0245	0.529
131.025	0.520
131.0255	0.515
131.026	0.501
131.0265	0.469
131.027	0.420
131.0275	0.371
131.028	0.341
131.0285	0.319
131.029	0.294
131.0295	0.262
131.03	0.239
131.0305	0.231
131.031	0.236
131.0315	0.249
131.032	0.270
131.0325	0.297
131.033	0.315
131.0335	0.312
131.034	0.291
131.0345	0.267
131.035	0.255
131.0355	0.259
131.036	0.269
131.0365	0.276
131.037	0.283
131.0375	0.277
131.038	0.307
131.0385	0.248
131.039	0.144
131.0395	0.171
131.04	0.208
131.0405	0.253
131.041	0.306
131.0415	0.347
131.042	0.393
131.0425	0.430
131.043	0.449
131.0435	0.445
131.044	0.434
131.0445	0.427
131.045	0.424
131.0455	0.410
131.046	0.373
131.0465	0.314
131.047	0.251
131.0475	0.201
131.048	0.158
131.0485	0.109
131.049	0.052
131.0495	0.005
131.05	-0.027
131.0505	-0.049
131.051	-0.064
131.0515	-0.067
131.052	-0.054
131.0525	-0.031
131.053	-0.010
131.0535	0.006
131.054	0.026
131.0545	0.054
131.055	0.084
131.0555	0.108
131.056	0.121
131.0565	0.130
131.057	0.151
131.0575	0.166
131.058	0.214
131.0585	0.164
131.059	0.065
131.0595	0.101
131.06	0.146
131.0605	0.193
131.061	0.251
131.0615	0.307
131.062	0.369
131.0625	0.420
131.063	0.461
131.0635	0.497
131.064	0.525
131.0645	0.536
131.065	0.524
131.0655	0.488
131.066	0.437
131.0665	0.391
131.067	0.360
131.0675	0.337
131.068	0.305
131.0685	0.259
131.069	0.213
131.0695	0.178
131.07	0.150
131.0705	0.128
131.071	0.123
131.0715	0.142
131.072	0.175
131.0725	0.203
131.073	0.215
131.0735	0.215
131.074	0.217
131.0745	0.222
131.075	0.221
131.0755	0.211
131.076	0.197
131.0765	0.190
131.077	0.198
131.0775	0.192
131.078	0.212
131.0785	0.144
131.079	0.046
131.0795	0.093
131.08	0.138
131.0805	0.161
131.081	0.157
131.0815	0.095
131.082	-0.030
131.0825	-0.236
131.083	-0.514
131.0835	-0.838
131.084	-1.147
131.0845	-1.370
131.085	-1.458
131.0855	-1.402
131.086	-1.217
131.0865	-0.934
131.087	-0.608
131.0875	-0.302
131.088	-0.067
131.0885	0.078
131.089	0.145
131.0895	0.159
131.09	0.134
131.0905	0.088
131.091	0.042
131.0915	0.015
131.092	0.001
131.0925	-0.018
131.093	-0.041
131.0935	-0.053
131.094	-0.041
131.0945	-0.014
131.095	0.013
131.0955	0.033
131.096	0.048
131.0965	0.069
131.097	0.101
131.0975	0.119
131.098	0.163
131.0985	0.111
131.099	0.016
131.0995	0.066
131.1	0.118
131.1005	0.170
131.101	0.233
131.1015	0.288
131.102	0.347
131.1025	0.401
131.103	0.457
131.1035	0.508
131.104	0.545
131.1045	0.563
131.105	0.562
131.1055	0.547
131.106	0.528
131.1065	0.506
131.107	0.472
131.1075	0.423
131.108	0.371
131.1085	0.328
131.109	0.291
131.1095	0.254
131.11	0.219
131.1105	0.201
131.111	0.205
131.1115	0.219
131.112	0.232
131.1125	0.245
131.113	0.263
131.1135	0.285
131.114	0.300
131.1145	0.300
131.115	0.287
131.1155	0.276
131.116	0.273
131.1165	0.272
131.117	0.269
131.1175	0.243
131.118	0.245
131.1185	0.160
131.119	0.036
131.1195	0.043
131.12	0.060
131.1205	0.096
131.121	0.160
131.1215	0.222
131.122	0.291
131.1225	0.353
131.123	0.408
131.1235	0.443
131.124	0.454
131.1245	0.448
131.125	0.439
131.1255	0.429
131.126	0.405
131.1265	0.362
131.127	0.307
131.1275	0.258
131.128	0.223
131.1285	0.190
131.129	0.148
131.1295	0.099
131.13	0.055
131.1305	0.021
131.131	-0.010
131.1315	-0.041
131.132	-0.066
131.1325	-0.081
131.133	-0.093
131.1335	-0.110
131.134	-0.131
131.1345	-0.145
131.135	-0.146
131.1355	-0.133
131.136	-0.119
131.1365	-0.106
131.137	-0.079
131.1375	-0.052
131.138	0.016
131.1385	-0.012
131.139	-0.097
131.1395	-0.057
131.14	-0.016
131.1405	0.026
131.141	0.075
131.1415	0.118
131.142	0.168
131.1425	0.213
131.143	0.256
131.1435	0.298
131.144	0.348
131.1445	0.400
131.145	0.437
131.1455	0.443
131.146	0.423
131.1465	0.396
131.147	0.373
131.1475	0.348
131.148	0.309
131.1485	0.261
131.149	0.218
131.1495	0.180
131.15	0.143
131.1505	0.107
131.151	0.086
131.1515	0.087
131.152	0.105
131.1525	0.123
131.153	0.130
131.1535	0.132
131.154	0.137
131.1545	0.142
131.155	0.141
131.1555	0.132
131.156	0.124
131.1565	0.124
131.157	0.138
131.1575	0.139
131.158	0.170
131.1585	0.114
131.159	0.023
131.1595	0.073
131.16	0.136
131.1605	0.209
131.161	0.302
131.1615	0.385
131.162	0.446
131.1625	0.463
131.163	0.431
131.1635	0.336
131.164	0.166
131.1645	-0.082
131.165	-0.394
131.1655	-0.726
131.166	-1.003
131.1665	-1.157
131.167	-1.164
131.1675	-1.028
131.168	-0.779
131.1685	-0.474
131.169	-0.180
131.1695	0.053
131.17	0.213
131.1705	0.316
131.171	0.376
131.1715	0.399
131.172	0.390
131.1725	0.362
131.173	0.331
131.1735	0.300
131.174	0.261
131.1745	0.218
131.175	0.182
131.1755	0.166
131.176	0.167
131.1765	0.178
131.177	0.197
131.1775	0.205
131.178	0.256
131.1785	0.225
131.179	0.153
131.1795	0.211
131.18	0.278
131.1805	0.353
131.181	0.438
131.1815	0.512
131.182	0.591
131.1825	0.663
131.183	0.730
131.1835	0.793
131.184	0.855
131.1845	0.914
131.185	0.957
131.1855	0.969
131.186	0.944
131.1865	0.901
131.187	0.868
131.1875	0.851
131.188	0.834
131.1885	0.799
131.189	0.753
131.1895	0.708
131.19	0.670
131.1905	0.638
131.191	0.619
131.1915	0.617
131.192	0.626
131.1925	0.628
131.193	0.615
131.1935	0.599
131.194	0.591
131.1945	0.588
131.195	0.576
131.1955	0.549
131.196	0.513
131.1965	0.487
131.197	0.483
131.1975	0.472
131.198	0.488
131.1985	0.416
131.199	0.311
131.1995	0.343
131.2	0.379
131.2005	0.423
131.201	0.488
131.2015	0.554
131.202	0.627
131.2025	0.700
131.203	0.773
131.2035	0.834
131.204	0.881
131.2045	0.916
131.205	0.939
131.2055	0.942
131.206	0.919
131.2065	0.868
131.207	0.794
131.2075	0.714
131.208	0.646
131.2085	0.588
131.209	0.527
131.2095	0.465
131.21	0.416
131.2105	0.383
131.211	0.358
131.2115	0.330
131.212	0.300
131.2125	0.269
131.213	0.232
131.2135	0.180
131.214	0.115
131.2145	0.049
131.215	-0.004
131.2155	-0.035
131.216	-0.055
131.2165	-0.067
131.217	-0.061
131.2175	-0.050
131.218	0.011
131.2185	-0.012
131.219	-0.084
131.2195	-0.030
131.22	0.026
131.2205	0.077
131.221	0.129
131.2215	0.170
131.222	0.208
131.2225	0.225
131.223	0.237
131.2235	0.255
131.224	0.279
131.2245	0.295
131.225	0.293
131.2255	0.276
131.226	0.257
131.2265	0.248
131.227	0.248
131.2275	0.238
131.228	0.209
131.2285	0.166
131.229	0.123
131.2295	0.081
131.23	0.038
131.2305	0.002
131.231	-0.020
131.2315	-0.029
131.232	-0.040
131.2325	-0.059
131.233	-0.085
131.2335	-0.104
131.234	-0.119
131.2345	-0.137
131.235	-0.159
131.2355	-0.173
131.236	-0.180
131.2365	-0.188
131.237	-0.194
131.2375	-0.216
131.238	-0.196
131.2385	-0.250
131.239	-0.334
131.2395	-0.281
131.24	-0.226
131.2405	-0.166
131.241	-0.093
131.2415	-0.027
131.242	0.049
131.2425	0.123
131.243	0.194
131.2435	0.246
131.244	0.260
131.2445	0.221
131.245	0.118
131.2455	-0.062
131.246	-0.323
131.2465	-0.658
131.247	-1.028
131.2475	-1.371
131.248	-1.627
131.2485	-1.756
131.249	-1.741
131.2495	-1.585
131.25	-1.322
131.2505	-1.015
131.251	-0.729
131.2515	-0.501
131.252	-0.342
131.2525	-0.252
131.253	-0.220
131.2535	-0.230
131.254	-0.266
131.2545	-0.308
131.255	-0.347
131.2555	-0.382
131.256	-0.416
131.2565	-0.437
131.257	-0.421
131.2575	-0.395
131.258	-0.325
131.2585	-0.346
131.259	-0.412
131.2595	-0.342
131.26	-0.272
131.2605	-0.201
131.261	-0.108
131.2615	-0.003
131.262	0.118
131.2625	0.236
131.263	0.357
131.2635	0.472
131.264	0.569
131.2645	0.664
131.265	0.807
131.2655	1.035
131.266	1.353
131.2665	1.749
131.267	2.200
131.2675	2.668
131.268	3.106
131.2685	3.479
131.269	3.786
131.2695	4.039
131.27	4.259
131.2705	4.467
131.271	4.669
131.2715	4.858
131.272	5.023
131.2725	5.167
131.273	5.295
131.2735	5.413
131.274	5.522
131.2745	5.614
