Interval=	0.0005 s
ExcelDateTime=	4.5061513277778286e+004	5/15/2023 12:19:07.200044
TimeFormat=	StartOfBlock
DateFormat=	
ChannelTitle=	Channel 1
Range=	10.000 mV
107.185	-0.422
107.1855	-0.417
107.186	-0.426
107.1865	-0.441
107.187	-0.458
107.1875	-0.475
107.188	-0.488
107.1885	-0.500
107.189	-0.514
107.1895	-0.531
107.19	-0.548
107.1905	-0.567
107.191	-0.591
107.1915	-0.620
107.192	-0.650
107.1925	-0.678
107.193	-0.696
107.1935	-0.701
107.194	-0.697
107.1945	-0.689
107.195	-0.687
107.1955	-0.701
107.196	-0.736
107.1965	-0.782
107.197	-0.824
107.1975	-0.853
107.198	-0.866
107.1985	-0.871
107.199	-0.877
107.1995	-0.888
107.2	-0.900
107.2005	-0.905
107.201	-0.892
107.2015	-0.857
107.202	-0.804
107.2025	-0.746
107.203	-0.694
107.2035	-0.652
107.204	-0.621
107.2045	-0.596
107.205	-0.581
107.2055	-0.580
107.206	-0.591
107.2065	-0.611
107.207	-0.634
107.2075	-0.651
107.208	-0.653
107.2085	-0.633
107.209	-0.595
107.2095	-0.555
107.21	-0.526
107.2105	-0.517
107.211	-0.525
107.2115	-0.534
107.212	-0.534
107.2125	-0.520
107.213	-0.495
107.2135	-0.472
107.214	-0.462
107.2145	-0.468
107.215	-0.484
107.2155	-0.500
107.216	-0.507
107.2165	-0.503
107.217	-0.500
107.2175	-0.508
107.218	-0.530
107.2185	-0.560
107.219	-0.594
107.2195	-0.622
107.22	-0.640
107.2205	-0.651
107.221	-0.657
107.2215	-0.657
107.222	-0.653
107.2225	-0.641
107.223	-0.620
107.2235	-0.587
107.224	-0.540
107.2245	-0.488
107.225	-0.447
107.2255	-0.427
107.226	-0.432
107.2265	-0.466
107.227	-0.535
107.2275	-0.647
107.228	-0.803
107.2285	-1.005
107.229	-1.255
107.2295	-1.549
107.23	-1.850
107.2305	-2.068
107.231	-2.110
107.2315	-1.950
107.232	-1.613
107.2325	-1.172
107.233	-0.726
107.2335	-0.352
107.234	-0.092
107.2345	0.050
107.235	0.087
107.2355	0.041
107.236	-0.061
107.2365	-0.186
107.237	-0.305
107.2375	-0.400
107.238	-0.463
107.2385	-0.503
107.239	-0.533
107.2395	-0.558
107.24	-0.578
107.2405	-0.591
107.241	-0.591
107.2415	-0.573
107.242	-0.534
107.2425	-0.478
107.243	-0.414
107.2435	-0.349
107.244	-0.290
107.2445	-0.243
107.245	-0.201
107.2455	-0.157
107.246	-0.112
107.2465	-0.077
107.247	-0.066
107.2475	-0.086
107.248	-0.129
107.2485	-0.170
107.249	-0.190
107.2495	-0.185
107.25	-0.170
107.2505	-0.160
107.251	-0.153
107.2515	-0.157
107.252	-0.166
107.2525	-0.169
107.253	-0.169
107.2535	-0.170
107.254	-0.178
107.2545	-0.194
107.255	-0.211
107.2555	-0.221
107.256	-0.219
107.2565	-0.207
107.257	-0.196
107.2575	-0.194
107.258	-0.210
107.2585	-0.240
107.259	-0.280
107.2595	-0.322
107.26	-0.357
107.2605	-0.381
107.261	-0.394
107.2615	-0.401
107.262	-0.403
107.2625	-0.402
107.263	-0.398
107.2635	-0.385
107.264	-0.360
107.2645	-0.330
107.265	-0.305
107.2655	-0.291
107.266	-0.293
107.2665	-0.310
107.267	-0.343
107.2675	-0.384
107.268	-0.420
107.2685	-0.440
107.269	-0.443
107.2695	-0.436
107.27	-0.430
107.2705	-0.437
107.271	-0.462
107.2715	-0.493
107.272	-0.523
107.2725	-0.548
107.273	-0.563
107.2735	-0.564
107.274	-0.552
107.2745	-0.536
107.275	-0.520
107.2755	-0.506
107.276	-0.495
107.2765	-0.493
107.277	-0.498
107.2775	-0.515
107.278	-0.547
107.2785	-0.597
107.279	-0.661
107.2795	-0.731
107.28	-0.805
107.2805	-0.889
107.281	-0.985
107.2815	-1.093
107.282	-1.209
107.2825	-1.316
107.283	-1.395
107.2835	-1.433
107.284	-1.429
107.2845	-1.396
107.285	-1.353
107.2855	-1.320
107.286	-1.298
107.2865	-1.274
107.287	-1.234
107.2875	-1.180
107.288	-1.115
107.2885	-1.052
107.289	-0.996
107.2895	-0.955
107.29	-0.928
107.2905	-0.913
107.291	-0.904
107.2915	-0.885
107.292	-0.856
107.2925	-0.827
107.293	-0.808
107.2935	-0.802
107.294	-0.803
107.2945	-0.802
107.295	-0.793
107.2955	-0.772
107.296	-0.745
107.2965	-0.724
107.297	-0.727
107.2975	-0.766
107.298	-0.824
107.2985	-0.870
107.299	-0.889
107.2995	-0.880
107.3	-0.855
107.3005	-0.828
107.301	-0.809
107.3015	-0.807
107.302	-0.819
107.3025	-0.825
107.303	-0.813
107.3035	-0.776
107.304	-0.721
107.3045	-0.660
107.305	-0.611
107.3055	-0.584
107.306	-0.581
107.3065	-0.595
107.307	-0.617
107.3075	-0.637
107.308	-0.649
107.3085	-0.653
107.309	-0.655
107.3095	-0.661
107.31	-0.677
107.3105	-0.712
107.311	-0.775
107.3115	-0.864
107.312	-0.986
107.3125	-1.144
107.313	-1.344
107.3135	-1.586
107.314	-1.838
107.3145	-2.034
107.315	-2.097
107.3155	-1.982
107.316	-1.703
107.3165	-1.327
107.317	-0.935
107.3175	-0.594
107.318	-0.344
107.3185	-0.196
107.319	-0.147
107.3195	-0.180
107.32	-0.269
107.3205	-0.386
107.321	-0.492
107.3215	-0.544
107.322	-0.526
107.3225	-0.449
107.323	-0.342
107.3235	-0.232
107.324	-0.136
107.3245	-0.057
107.325	0.012
107.3255	0.074
107.326	0.127
107.3265	0.170
107.327	0.202
107.3275	0.215
107.328	0.214
107.3285	0.212
107.329	0.220
107.3295	0.245
107.33	0.282
107.3305	0.314
107.331	0.327
107.3315	0.328
107.332	0.317
107.3325	0.300
107.333	0.289
107.3335	0.290
107.334	0.307
107.3345	0.335
107.335	0.361
107.3355	0.375
107.336	0.374
107.3365	0.356
107.337	0.330
107.3375	0.303
107.338	0.283
107.3385	0.269
107.339	0.254
107.3395	0.227
107.34	0.181
107.3405	0.123
107.341	0.070
107.3415	0.036
107.342	0.028
107.3425	0.043
107.343	0.073
107.3435	0.106
107.344	0.132
107.3445	0.146
107.345	0.149
107.3455	0.140
107.346	0.127
107.3465	0.115
107.347	0.107
107.3475	0.100
107.348	0.093
107.3485	0.080
107.349	0.062
107.3495	0.047
107.35	0.041
107.3505	0.042
107.351	0.045
107.3515	0.051
107.352	0.052
107.3525	0.047
107.353	0.037
107.3535	0.024
107.354	0.014
107.3545	0.015
107.355	0.033
107.3555	0.064
107.356	0.098
107.3565	0.122
107.357	0.130
107.3575	0.122
107.358	0.103
107.3585	0.082
107.359	0.066
107.3595	0.060
107.36	0.054
107.3605	0.037
107.361	0.006
107.3615	-0.041
107.362	-0.094
107.3625	-0.143
107.363	-0.175
107.3635	-0.193
107.364	-0.208
107.3645	-0.232
107.365	-0.270
107.3655	-0.307
107.366	-0.328
107.3665	-0.324
107.367	-0.291
107.3675	-0.238
107.368	-0.176
107.3685	-0.120
107.369	-0.080
107.3695	-0.059
107.37	-0.052
107.3705	-0.056
107.371	-0.065
107.3715	-0.066
107.372	-0.043
107.3725	0.007
107.373	0.072
107.3735	0.133
107.374	0.176
107.3745	0.202
107.375	0.226
107.3755	0.258
107.376	0.298
107.3765	0.333
107.377	0.351
107.3775	0.354
107.378	0.343
107.3785	0.324
107.379	0.303
107.3795	0.289
107.38	0.278
107.3805	0.260
107.381	0.235
107.3815	0.203
107.382	0.174
107.3825	0.157
107.383	0.153
107.3835	0.162
107.384	0.176
107.3845	0.188
107.385	0.190
107.3855	0.173
107.386	0.137
107.3865	0.091
107.387	0.045
107.3875	0.006
107.388	-0.019
107.3885	-0.031
107.389	-0.033
107.3895	-0.032
107.39	-0.031
107.3905	-0.033
107.391	-0.029
107.3915	-0.013
107.392	0.013
107.3925	0.040
107.393	0.055
107.3935	0.046
107.394	-0.001
107.3945	-0.094
107.395	-0.234
107.3955	-0.417
107.396	-0.647
107.3965	-0.924
107.397	-1.211
107.3975	-1.425
107.398	-1.475
107.3985	-1.323
107.399	-0.995
107.3995	-0.573
107.4	-0.160
107.4005	0.167
107.401	0.371
107.4015	0.457
107.402	0.460
107.4025	0.417
107.403	0.354
107.4035	0.290
107.404	0.234
107.4045	0.193
107.405	0.171
107.4055	0.171
107.406	0.193
107.4065	0.232
107.407	0.278
107.4075	0.320
107.408	0.347
107.4085	0.355
107.409	0.351
107.4095	0.347
107.41	0.349
107.4105	0.351
107.411	0.343
107.4115	0.332
107.412	0.314
107.4125	0.295
107.413	0.288
107.4135	0.301
107.414	0.332
107.4145	0.373
107.415	0.409
107.4155	0.430
107.416	0.432
107.4165	0.415
107.417	0.385
107.4175	0.350
107.418	0.323
107.4185	0.302
107.419	0.282
107.4195	0.258
107.42	0.223
107.4205	0.180
107.421	0.139
107.4215	0.109
107.422	0.093
107.4225	0.091
107.423	0.104
107.4235	0.124
107.424	0.139
107.4245	0.141
107.425	0.131
107.4255	0.114
107.426	0.095
107.4265	0.074
107.427	0.045
107.4275	0.004
107.428	-0.048
107.4285	-0.102
107.429	-0.146
107.4295	-0.175
107.43	-0.184
107.4305	-0.173
107.431	-0.151
107.4315	-0.129
107.432	-0.119
107.4325	-0.123
107.433	-0.135
107.4335	-0.146
107.434	-0.147
107.4345	-0.136
107.435	-0.116
107.4355	-0.098
107.436	-0.092
107.4365	-0.101
107.437	-0.125
107.4375	-0.161
107.438	-0.198
107.4385	-0.219
107.439	-0.222
107.4395	-0.216
107.44	-0.215
107.4405	-0.228
107.441	-0.255
107.4415	-0.285
107.442	-0.303
107.4425	-0.306
107.443	-0.298
107.4435	-0.291
107.444	-0.292
107.4445	-0.305
107.445	-0.325
107.4455	-0.347
107.446	-0.371
107.4465	-0.399
107.447	-0.430
107.4475	-0.467
107.448	-0.509
107.4485	-0.551
107.449	-0.581
107.4495	-0.586
107.45	-0.559
107.4505	-0.507
107.451	-0.437
107.4515	-0.361
107.452	-0.298
107.4525	-0.256
107.453	-0.230
107.4535	-0.212
107.454	-0.191
107.4545	-0.159
107.455	-0.117
107.4555	-0.076
107.456	-0.046
107.4565	-0.034
107.457	-0.038
107.4575	-0.051
107.458	-0.068
107.4585	-0.086
107.459	-0.104
107.4595	-0.120
107.46	-0.141
107.4605	-0.170
107.461	-0.201
107.4615	-0.225
107.462	-0.235
107.4625	-0.225
107.463	-0.197
107.4635	-0.166
107.464	-0.147
107.4645	-0.152
107.465	-0.179
107.4655	-0.217
107.466	-0.255
107.4665	-0.278
107.467	-0.279
107.4675	-0.264
107.468	-0.247
107.4685	-0.237
107.469	-0.236
107.4695	-0.241
107.47	-0.248
107.4705	-0.249
107.471	-0.242
107.4715	-0.235
107.472	-0.234
107.4725	-0.239
107.473	-0.248
107.4735	-0.255
107.474	-0.257
107.4745	-0.247
107.475	-0.228
107.4755	-0.209
107.476	-0.204
107.4765	-0.231
107.477	-0.309
107.4775	-0.448
107.478	-0.646
107.4785	-0.892
107.479	-1.176
107.4795	-1.466
107.48	-1.709
107.4805	-1.831
107.481	-1.779
107.4815	-1.546
107.482	-1.180
107.4825	-0.765
107.483	-0.388
107.4835	-0.110
107.484	0.045
107.4845	0.090
107.485	0.053
107.4855	-0.037
107.486	-0.149
107.4865	-0.252
107.487	-0.336
107.4875	-0.396
107.488	-0.432
107.4885	-0.442
107.489	-0.421
107.4895	-0.370
107.49	-0.300
107.4905	-0.234
107.491	-0.192
107.4915	-0.174
107.492	-0.177
107.4925	-0.184
107.493	-0.178
107.4935	-0.154
107.494	-0.110
107.4945	-0.056
107.495	-0.005
107.4955	0.031
107.496	0.050
107.4965	0.060
107.497	0.066
107.4975	0.073
107.498	0.077
107.4985	0.073
107.499	0.059
107.4995	0.038
107.5	0.013
107.5005	-0.008
107.501	-0.016
107.5015	-0.010
107.502	0.009
107.5025	0.035
107.503	0.060
107.5035	0.078
107.504	0.085
107.5045	0.084
107.505	0.079
107.5055	0.074
107.506	0.069
107.5065	0.059
107.507	0.042
107.5075	0.014
107.508	-0.023
107.5085	-0.068
107.509	-0.112
107.5095	-0.147
107.51	-0.171
107.5105	-0.191
107.511	-0.214
107.5115	-0.240
107.512	-0.260
107.5125	-0.267
107.513	-0.257
107.5135	-0.231
107.514	-0.191
107.5145	-0.145
107.515	-0.104
107.5155	-0.077
107.516	-0.069
107.5165	-0.073
107.517	-0.083
107.5175	-0.090
107.518	-0.091
107.5185	-0.087
107.519	-0.084
107.5195	-0.087
107.52	-0.103
107.5205	-0.133
107.521	-0.168
107.5215	-0.198
107.522	-0.214
107.5225	-0.211
107.523	-0.193
107.5235	-0.171
107.524	-0.155
107.5245	-0.153
107.525	-0.165
107.5255	-0.183
107.526	-0.202
107.5265	-0.213
107.527	-0.217
107.5275	-0.221
107.528	-0.235
107.5285	-0.266
107.529	-0.311
107.5295	-0.362
107.53	-0.411
107.5305	-0.458
107.531	-0.499
107.5315	-0.527
107.532	-0.542
107.5325	-0.550
107.533	-0.555
107.5335	-0.548
107.534	-0.509
107.5345	-0.433
107.535	-0.333
107.5355	-0.234
107.536	-0.154
107.5365	-0.104
107.537	-0.084
107.5375	-0.087
107.538	-0.100
107.5385	-0.111
107.539	-0.112
107.5395	-0.108
107.54	-0.104
107.5405	-0.108
107.541	-0.120
107.5415	-0.143
107.542	-0.162
107.5425	-0.160
107.543	-0.132
107.5435	-0.091
107.544	-0.051
107.5445	-0.026
107.545	-0.022
107.5455	-0.037
107.546	-0.061
107.5465	-0.085
107.547	-0.103
107.5475	-0.116
107.548	-0.129
107.5485	-0.142
107.549	-0.160
107.5495	-0.183
107.55	-0.208
107.5505	-0.225
107.551	-0.233
107.5515	-0.232
107.552	-0.223
107.5525	-0.212
107.553	-0.203
107.5535	-0.198
107.554	-0.197
107.5545	-0.193
107.555	-0.178
107.5555	-0.153
107.556	-0.132
107.5565	-0.121
107.557	-0.120
107.5575	-0.131
107.558	-0.148
107.5585	-0.165
107.559	-0.178
107.5595	-0.189
107.56	-0.209
107.5605	-0.251
107.561	-0.327
107.5615	-0.444
107.562	-0.600
107.5625	-0.794
107.563	-1.020
107.5635	-1.268
107.564	-1.494
107.5645	-1.624
107.565	-1.595
107.5655	-1.388
107.566	-1.045
107.5665	-0.650
107.567	-0.292
107.5675	-0.032
107.568	0.107
107.5685	0.138
107.569	0.095
107.5695	0.009
107.57	-0.094
107.5705	-0.193
107.571	-0.269
107.5715	-0.312
107.572	-0.323
107.5725	-0.303
107.573	-0.261
107.5735	-0.211
107.574	-0.161
107.5745	-0.119
107.575	-0.089
107.5755	-0.073
107.576	-0.067
107.5765	-0.058
107.577	-0.038
107.5775	-0.004
107.578	0.038
107.5785	0.071
107.579	0.081
107.5795	0.071
107.58	0.049
107.5805	0.029
107.581	0.023
107.5815	0.037
107.582	0.070
107.5825	0.106
107.583	0.129
107.5835	0.130
107.584	0.115
107.5845	0.100
107.585	0.099
107.5855	0.117
107.586	0.145
107.5865	0.165
107.587	0.166
107.5875	0.144
107.588	0.113
107.5885	0.085
107.589	0.067
107.5895	0.057
107.59	0.053
107.5905	0.041
107.591	0.016
107.5915	-0.022
107.592	-0.065
107.5925	-0.098
107.593	-0.113
107.5935	-0.108
107.594	-0.089
107.5945	-0.063
107.595	-0.042
107.5955	-0.035
107.596	-0.041
107.5965	-0.056
107.597	-0.070
107.5975	-0.080
107.598	-0.089
107.5985	-0.101
107.599	-0.120
107.5995	-0.151
107.6	-0.192
107.6005	-0.231
107.601	-0.252
107.6015	-0.246
107.602	-0.216
107.6025	-0.176
107.603	-0.141
107.6035	-0.121
107.604	-0.116
107.6045	-0.124
107.605	-0.134
107.6055	-0.146
107.606	-0.167
107.6065	-0.195
107.607	-0.230
107.6075	-0.267
107.608	-0.305
107.6085	-0.339
107.609	-0.366
107.6095	-0.379
107.61	-0.378
107.6105	-0.373
107.611	-0.377
107.6115	-0.398
107.612	-0.433
107.6125	-0.467
107.613	-0.490
107.6135	-0.502
107.614	-0.512
107.6145	-0.535
107.615	-0.578
107.6155	-0.629
107.616	-0.668
107.6165	-0.677
107.617	-0.652
107.6175	-0.603
107.618	-0.544
107.6185	-0.489
107.619	-0.443
107.6195	-0.401
107.62	-0.358
107.6205	-0.310
107.621	-0.259
107.6215	-0.215
107.622	-0.183
107.6225	-0.164
107.623	-0.149
107.6235	-0.128
107.624	-0.095
107.6245	-0.054
107.625	-0.016
107.6255	0.005
107.626	0.004
107.6265	-0.017
107.627	-0.048
107.6275	-0.079
107.628	-0.107
107.6285	-0.128
107.629	-0.139
107.6295	-0.140
107.63	-0.137
107.6305	-0.139
107.631	-0.141
107.6315	-0.131
107.632	-0.114
107.6325	-0.093
107.633	-0.076
107.6335	-0.069
107.634	-0.080
107.6345	-0.106
107.635	-0.136
107.6355	-0.158
107.636	-0.165
107.6365	-0.163
107.637	-0.164
107.6375	-0.176
107.638	-0.203
107.6385	-0.237
107.639	-0.269
107.6395	-0.282
107.64	-0.272
107.6405	-0.246
107.641	-0.220
107.6415	-0.206
107.642	-0.208
107.6425	-0.218
107.643	-0.225
107.6435	-0.222
107.644	-0.220
107.6445	-0.242
107.645	-0.312
107.6455	-0.445
107.646	-0.639
107.6465	-0.881
107.647	-1.146
107.6475	-1.394
107.648	-1.570
107.6485	-1.620
107.649	-1.510
107.6495	-1.248
107.65	-0.889
107.6505	-0.512
107.651	-0.189
107.6515	0.037
107.652	0.154
107.6525	0.180
107.653	0.145
107.6535	0.084
107.654	0.024
107.6545	-0.024
107.655	-0.059
107.6555	-0.084
107.656	-0.101
107.6565	-0.108
107.657	-0.101
107.6575	-0.079
107.658	-0.052
107.6585	-0.033
107.659	-0.023
107.6595	-0.009
107.66	0.014
107.6605	0.046
107.661	0.088
107.6615	0.138
107.662	0.190
107.6625	0.232
107.663	0.260
107.6635	0.271
107.664	0.268
107.6645	0.263
107.665	0.267
107.6655	0.280
107.666	0.298
107.6665	0.313
107.667	0.319
107.6675	0.315
107.668	0.306
107.6685	0.301
107.669	0.301
107.6695	0.306
107.67	0.312
107.6705	0.316
107.671	0.310
107.6715	0.282
107.672	0.232
107.6725	0.173
107.673	0.132
107.6735	0.124
107.674	0.145
107.6745	0.178
107.675	0.208
107.6755	0.227
107.676	0.230
107.6765	0.223
107.677	0.213
107.6775	0.209
107.678	0.208
107.6785	0.201
107.679	0.186
107.6795	0.161
107.68	0.130
107.6805	0.099
107.681	0.076
107.6815	0.069
107.682	0.082
107.6825	0.106
107.683	0.132
107.6835	0.154
107.684	0.167
107.6845	0.170
107.685	0.165
107.6855	0.157
107.686	0.151
107.6865	0.150
107.687	0.149
107.6875	0.144
107.688	0.128
107.6885	0.107
107.689	0.087
107.6895	0.080
107.69	0.082
107.6905	0.083
107.691	0.076
107.6915	0.064
107.692	0.051
107.6925	0.038
107.693	0.028
107.6935	0.026
107.694	0.035
107.6945	0.048
107.695	0.054
107.6955	0.045
107.696	0.025
107.6965	-0.000
107.697	-0.025
107.6975	-0.046
107.698	-0.065
107.6985	-0.093
107.699	-0.135
107.6995	-0.188
107.7	-0.246
107.7005	-0.299
107.701	-0.337
107.7015	-0.357
107.702	-0.345
107.7025	-0.300
107.703	-0.236
107.7035	-0.171
107.704	-0.110
107.7045	-0.053
107.705	0.006
107.7055	0.068
107.706	0.123
107.7065	0.160
107.707	0.178
107.7075	0.180
107.708	0.177
107.7085	0.176
107.709	0.179
107.7095	0.184
107.71	0.184
107.7105	0.173
107.711	0.152
107.7115	0.129
107.712	0.109
107.7125	0.102
107.713	0.112
107.7135	0.135
107.714	0.161
107.7145	0.177
107.715	0.177
107.7155	0.159
107.716	0.137
107.7165	0.123
107.717	0.122
107.7175	0.129
107.718	0.134
107.7185	0.128
107.719	0.098
107.7195	0.048
107.72	-0.002
107.7205	-0.032
107.721	-0.034
107.7215	-0.016
107.722	0.013
107.7225	0.039
107.723	0.057
107.7235	0.063
107.724	0.063
107.7245	0.064
107.725	0.070
107.7255	0.078
107.726	0.081
107.7265	0.072
107.727	0.050
107.7275	0.021
107.728	-0.006
107.7285	-0.026
107.729	-0.043
107.7295	-0.072
107.73	-0.138
107.7305	-0.258
107.731	-0.439
107.7315	-0.675
107.732	-0.949
107.7325	-1.226
107.733	-1.444
107.7335	-1.532
107.734	-1.445
107.7345	-1.191
107.735	-0.824
107.7355	-0.423
107.736	-0.055
107.7365	0.226
107.737	0.393
107.7375	0.444
107.738	0.403
107.7385	0.303
107.739	0.187
107.7395	0.086
107.74	0.018
107.7405	-0.017
107.741	-0.030
107.7415	-0.036
107.742	-0.042
107.7425	-0.048
107.743	-0.038
107.7435	-0.000
107.744	0.064
107.7445	0.135
107.745	0.188
107.7455	0.214
107.746	0.221
107.7465	0.223
107.747	0.231
107.7475	0.249
107.748	0.275
107.7485	0.303
107.749	0.326
107.7495	0.338
107.75	0.339
107.7505	0.332
107.751	0.330
107.7515	0.340
107.752	0.356
107.7525	0.376
107.753	0.393
107.7535	0.400
107.754	0.397
107.7545	0.389
107.755	0.383
107.7555	0.383
107.756	0.389
107.7565	0.400
107.757	0.402
107.7575	0.388
107.758	0.359
107.7585	0.322
107.759	0.287
107.7595	0.259
107.76	0.239
107.7605	0.219
107.761	0.194
107.7615	0.160
107.762	0.120
107.7625	0.086
107.763	0.071
107.7635	0.086
107.764	0.127
107.7645	0.176
107.765	0.217
107.7655	0.237
107.766	0.231
107.7665	0.208
107.767	0.178
107.7675	0.156
107.768	0.147
107.7685	0.148
107.769	0.149
107.7695	0.144
107.77	0.128
107.7705	0.101
107.771	0.075
107.7715	0.061
107.772	0.063
107.7725	0.083
107.773	0.113
107.7735	0.139
107.774	0.151
107.7745	0.152
107.775	0.148
107.7755	0.144
107.776	0.139
107.7765	0.127
107.777	0.100
107.7775	0.065
107.778	0.034
107.7785	0.011
107.779	-0.004
107.7795	-0.008
107.78	-0.000
107.7805	0.014
107.781	0.021
107.7815	0.008
107.782	-0.022
107.7825	-0.057
107.783	-0.087
107.7835	-0.105
107.784	-0.114
107.7845	-0.124
107.785	-0.141
107.7855	-0.167
107.786	-0.199
107.7865	-0.228
107.787	-0.241
107.7875	-0.228
107.788	-0.186
107.7885	-0.124
107.789	-0.058
107.7895	-0.006
107.79	0.024
107.7905	0.032
107.791	0.032
107.7915	0.038
107.792	0.057
107.7925	0.090
107.793	0.130
107.7935	0.162
107.794	0.179
107.7945	0.177
107.795	0.161
107.7955	0.142
107.796	0.129
107.7965	0.122
107.797	0.117
107.7975	0.106
107.798	0.084
107.7985	0.051
107.799	0.018
107.7995	-0.012
107.8	-0.037
107.8005	-0.053
107.801	-0.056
107.8015	-0.048
107.802	-0.035
107.8025	-0.024
107.803	-0.016
107.8035	-0.011
107.804	-0.003
107.8045	0.015
107.805	0.036
107.8055	0.052
107.806	0.055
107.8065	0.043
107.807	0.019
107.8075	-0.004
107.808	-0.012
107.8085	-0.004
107.809	0.014
107.8095	0.029
107.81	0.033
107.8105	0.020
107.811	0.004
107.8115	-0.000
107.812	0.012
107.8125	0.042
107.813	0.079
107.8135	0.109
107.814	0.107
107.8145	0.056
107.815	-0.055
107.8155	-0.225
107.816	-0.441
107.8165	-0.693
107.817	-0.969
107.8175	-1.226
107.818	-1.392
107.8185	-1.405
107.819	-1.242
107.8195	-0.933
107.82	-0.553
107.8205	-0.182
107.821	0.116
107.8215	0.308
107.822	0.393
107.8225	0.391
107.823	0.338
107.8235	0.265
107.824	0.191
107.8245	0.126
107.825	0.071
107.8255	0.024
107.826	-0.015
107.8265	-0.046
107.827	-0.061
107.8275	-0.053
107.828	-0.025
107.8285	0.012
107.829	0.044
107.8295	0.057
107.83	0.053
107.8305	0.044
107.831	0.058
107.8315	0.103
107.832	0.162
107.8325	0.225
107.833	0.277
107.8335	0.308
107.834	0.322
107.8345	0.331
107.835	0.347
107.8355	0.371
107.836	0.394
107.8365	0.406
107.837	0.403
107.8375	0.383
107.838	0.354
107.8385	0.320
107.839	0.293
107.8395	0.281
107.84	0.278
107.8405	0.276
107.841	0.268
107.8415	0.248
107.842	0.214
107.8425	0.168
107.843	0.130
107.8435	0.117
107.844	0.129
107.8445	0.156
107.845	0.178
107.8455	0.181
107.846	0.163
107.8465	0.132
107.847	0.101
107.8475	0.081
107.848	0.071
107.8485	0.062
107.849	0.045
107.8495	0.017
107.85	-0.017
107.8505	-0.049
107.851	-0.065
107.8515	-0.060
107.852	-0.039
107.8525	-0.013
107.853	0.003
107.8535	0.003
107.854	-0.010
107.8545	-0.030
107.855	-0.038
107.8555	-0.017
107.856	0.033
107.8565	0.093
107.857	0.144
107.8575	0.169
107.858	0.161
107.8585	0.126
107.859	0.082
107.8595	0.046
107.86	0.026
107.8605	0.020
107.861	0.017
107.8615	0.007
107.862	-0.009
107.8625	-0.027
107.863	-0.036
107.8635	-0.034
107.864	-0.024
107.8645	-0.016
107.865	-0.021
107.8655	-0.045
107.866	-0.094
107.8665	-0.159
107.867	-0.228
107.8675	-0.288
107.868	-0.332
107.8685	-0.366
107.869	-0.394
107.8695	-0.412
107.87	-0.417
107.8705	-0.400
107.871	-0.356
107.8715	-0.287
107.872	-0.205
107.8725	-0.123
107.873	-0.048
107.8735	0.008
107.874	0.043
107.8745	0.067
107.875	0.086
107.8755	0.110
107.876	0.136
107.8765	0.158
107.877	0.165
107.8775	0.157
107.878	0.140
107.8785	0.122
107.879	0.111
107.8795	0.108
107.88	0.109
107.8805	0.110
107.881	0.099
107.8815	0.079
107.882	0.056
107.8825	0.034
107.883	0.020
107.8835	0.022
107.884	0.037
107.8845	0.051
107.885	0.050
107.8855	0.036
107.886	0.018
107.8865	0.006
107.887	0.005
107.8875	0.017
107.888	0.035
107.8885	0.048
107.889	0.047
107.8895	0.034
107.89	0.015
107.8905	-0.002
107.891	-0.013
107.8915	-0.011
107.892	0.003
107.8925	0.021
107.893	0.036
107.8935	0.037
107.894	0.026
107.8945	0.011
107.895	-0.001
107.8955	-0.003
107.896	0.001
107.8965	-0.012
107.897	-0.068
107.8975	-0.188
107.898	-0.374
107.8985	-0.610
107.899	-0.876
107.8995	-1.143
107.9	-1.368
107.9005	-1.488
107.901	-1.453
107.9015	-1.255
107.902	-0.932
107.9025	-0.553
107.903	-0.190
107.9035	0.103
107.904	0.291
107.9045	0.365
107.905	0.348
107.9055	0.273
107.906	0.179
107.9065	0.095
107.907	0.029
107.9075	-0.021
107.908	-0.058
107.9085	-0.085
107.909	-0.101
107.9095	-0.102
107.91	-0.089
107.9105	-0.065
107.911	-0.030
107.9115	0.014
107.912	0.054
107.9125	0.086
107.913	0.109
107.9135	0.125
107.914	0.144
107.9145	0.168
107.915	0.199
107.9155	0.230
107.916	0.248
107.9165	0.251
107.917	0.245
107.9175	0.231
107.918	0.216
107.9185	0.212
107.919	0.222
107.9195	0.238
107.92	0.249
107.9205	0.245
107.921	0.232
107.9215	0.221
107.922	0.222
107.9225	0.236
107.923	0.262
107.9235	0.293
107.924	0.318
107.9245	0.327
107.925	0.315
107.9255	0.290
107.926	0.259
107.9265	0.231
107.927	0.209
107.9275	0.190
107.928	0.172
107.9285	0.148
107.929	0.115
107.9295	0.076
107.93	0.044
107.9305	0.026
107.931	0.025
107.9315	0.034
107.932	0.048
107.9325	0.061
107.933	0.069
107.9335	0.072
107.934	0.075
107.9345	0.086
107.935	0.102
107.9355	0.116
107.936	0.116
107.9365	0.101
107.937	0.081
107.9375	0.065
107.938	0.060
107.9385	0.073
107.939	0.106
107.9395	0.151
107.94	0.191
107.9405	0.217
107.941	0.221
107.9415	0.213
107.942	0.200
107.9425	0.193
107.943	0.198
107.9435	0.214
107.944	0.232
107.9445	0.237
107.945	0.219
107.9455	0.179
107.946	0.129
107.9465	0.079
107.947	0.034
107.9475	0.000
107.948	-0.022
107.9485	-0.040
107.949	-0.062
107.9495	-0.093
107.95	-0.130
107.9505	-0.168
107.951	-0.188
107.9515	-0.179
107.952	-0.140
107.9525	-0.077
107.953	-0.004
107.9535	0.062
107.954	0.108
107.9545	0.132
107.955	0.144
107.9555	0.161
107.956	0.190
107.9565	0.229
107.957	0.271
107.9575	0.306
107.958	0.330
107.9585	0.340
107.959	0.339
107.9595	0.333
107.96	0.329
107.9605	0.333
107.961	0.336
107.9615	0.329
107.962	0.310
107.9625	0.286
107.963	0.270
107.9635	0.269
107.964	0.284
107.9645	0.312
107.965	0.343
107.9655	0.365
107.966	0.367
107.9665	0.347
107.967	0.308
107.9675	0.265
107.968	0.230
107.9685	0.210
107.969	0.206
107.9695	0.213
107.97	0.216
107.9705	0.206
107.971	0.184
107.9715	0.159
107.972	0.143
107.9725	0.141
107.973	0.150
107.9735	0.161
107.974	0.161
107.9745	0.147
107.975	0.126
107.9755	0.111
107.976	0.109
107.9765	0.126
107.977	0.159
107.9775	0.192
107.978	0.204
107.9785	0.177
107.979	0.094
107.9795	-0.053
107.98	-0.257
107.9805	-0.502
107.981	-0.772
107.9815	-1.043
107.982	-1.267
107.9825	-1.379
107.983	-1.333
107.9835	-1.122
107.984	-0.785
107.9845	-0.400
107.985	-0.051
107.9855	0.193
107.986	0.310
107.9865	0.315
107.987	0.247
107.9875	0.151
107.988	0.058
107.9885	-0.019
107.989	-0.075
107.9895	-0.113
107.99	-0.138
107.9905	-0.156
107.991	-0.157
107.9915	-0.131
107.992	-0.085
107.9925	-0.024
107.993	0.039
107.9935	0.092
107.994	0.127
107.9945	0.148
107.995	0.162
107.9955	0.173
107.996	0.176
107.9965	0.170
107.997	0.156
107.9975	0.138
107.998	0.122
107.9985	0.106
107.999	0.092
107.9995	0.091
108	0.113
108.0005	0.154
108.001	0.202
108.0015	0.244
108.002	0.275
108.0025	0.303
108.003	0.331
108.0035	0.361
108.004	0.386
108.0045	0.399
108.005	0.397
108.0055	0.377
108.006	0.342
108.0065	0.299
108.007	0.258
108.0075	0.225
108.008	0.199
108.0085	0.176
108.009	0.150
108.0095	0.120
108.01	0.091
108.0105	0.071
108.011	0.071
108.0115	0.085
108.012	0.102
108.0125	0.107
108.013	0.096
108.0135	0.071
108.014	0.045
108.0145	0.032
108.015	0.042
108.0155	0.069
108.016	0.102
108.0165	0.127
108.017	0.138
108.0175	0.138
108.018	0.130
108.0185	0.121
108.019	0.119
108.0195	0.126
108.02	0.139
108.0205	0.153
108.021	0.168
108.0215	0.184
108.022	0.200
108.0225	0.215
108.023	0.231
108.0235	0.244
108.024	0.250
108.0245	0.243
108.025	0.216
108.0255	0.166
108.026	0.101
108.0265	0.037
108.027	-0.012
108.0275	-0.043
108.028	-0.063
108.0285	-0.083
108.029	-0.115
108.0295	-0.160
108.03	-0.217
108.0305	-0.284
108.031	-0.350
108.0315	-0.395
108.032	-0.412
108.0325	-0.404
108.033	-0.378
108.0335	-0.340
108.034	-0.292
108.0345	-0.233
108.035	-0.159
108.0355	-0.075
108.036	0.004
108.0365	0.064
108.037	0.098
108.0375	0.104
108.038	0.090
108.0385	0.068
108.039	0.054
108.0395	0.055
108.04	0.069
108.0405	0.092
108.041	0.119
108.0415	0.140
108.042	0.154
108.0425	0.166
108.043	0.179
108.0435	0.197
108.044	0.215
108.0445	0.220
108.045	0.209
108.0455	0.185
108.046	0.153
108.0465	0.121
108.047	0.097
108.0475	0.081
108.048	0.069
108.0485	0.055
108.049	0.035
108.0495	0.007
108.05	-0.028
108.0505	-0.061
108.051	-0.088
108.0515	-0.107
108.052	-0.113
108.0525	-0.105
108.053	-0.093
108.0535	-0.087
108.054	-0.091
108.0545	-0.101
108.055	-0.114
108.0555	-0.123
108.056	-0.120
108.0565	-0.105
108.057	-0.083
108.0575	-0.060
108.058	-0.042
108.0585	-0.026
108.059	-0.008
108.0595	0.010
108.06	0.010
108.0605	-0.023
108.061	-0.105
108.0615	-0.242
108.062	-0.428
108.0625	-0.648
108.063	-0.884
108.0635	-1.113
108.064	-1.290
108.0645	-1.359
108.065	-1.284
108.0655	-1.066
108.066	-0.745
108.0665	-0.378
108.067	-0.036
108.0675	0.223
108.068	0.365
108.0685	0.391
108.069	0.330
108.0695	0.227
108.07	0.127
108.0705	0.055
108.071	0.028
108.0715	0.035
108.072	0.055
108.0725	0.082
108.073	0.114
108.0735	0.153
108.074	0.200
108.0745	0.254
108.075	0.307
108.0755	0.346
108.076	0.365
108.0765	0.365
108.077	0.352
108.0775	0.338
108.078	0.337
108.0785	0.350
108.079	0.363
108.0795	0.359
108.08	0.319
108.0805	0.241
108.081	0.138
108.0815	0.036
108.082	-0.039
108.0825	-0.078
108.083	-0.077
108.0835	-0.039
108.084	0.020
108.0845	0.078
108.085	0.123
108.0855	0.156
108.086	0.180
108.0865	0.200
108.087	0.215
108.0875	0.224
108.088	0.225
108.0885	0.217
108.089	0.204
108.0895	0.189
108.09	0.177
108.0905	0.165
108.091	0.153
108.0915	0.137
108.092	0.115
108.0925	0.091
108.093	0.066
108.0935	0.048
108.094	0.044
108.0945	0.048
108.095	0.051
108.0955	0.043
108.096	0.024
108.0965	0.003
108.097	-0.009
108.0975	-0.005
108.098	0.015
108.0985	0.043
108.099	0.069
108.0995	0.081
108.1	0.082
108.1005	0.080
108.101	0.084
108.1015	0.095
108.102	0.114
108.1025	0.146
108.103	0.188
108.1035	0.228
108.104	0.255
108.1045	0.261
108.105	0.250
108.1055	0.233
108.106	0.218
108.1065	0.211
108.107	0.208
108.1075	0.201
108.108	0.175
108.1085	0.127
108.109	0.069
108.1095	0.022
108.11	-0.005
108.1105	-0.017
108.111	-0.018
108.1115	-0.024
108.112	-0.044
108.1125	-0.077
108.113	-0.113
108.1135	-0.141
108.114	-0.151
108.1145	-0.140
108.115	-0.112
108.1155	-0.077
108.116	-0.046
108.1165	-0.024
108.117	-0.011
108.1175	0.006
108.118	0.035
108.1185	0.076
108.119	0.123
108.1195	0.171
108.12	0.208
108.1205	0.226
108.121	0.228
108.1215	0.226
108.122	0.229
108.1225	0.245
108.123	0.275
108.1235	0.315
108.124	0.346
108.1245	0.356
108.125	0.342
108.1255	0.313
108.126	0.288
108.1265	0.272
108.127	0.266
108.1275	0.263
108.128	0.256
108.1285	0.238
108.129	0.205
108.1295	0.161
108.13	0.115
108.1305	0.082
108.131	0.073
108.1315	0.079
108.132	0.085
108.1325	0.083
108.133	0.072
108.1335	0.058
108.134	0.053
108.1345	0.057
108.135	0.067
108.1355	0.079
108.136	0.085
108.1365	0.083
108.137	0.068
108.1375	0.047
108.138	0.025
108.1385	0.015
108.139	0.020
108.1395	0.039
108.14	0.066
108.1405	0.091
108.141	0.095
108.1415	0.068
108.142	0.009
108.1425	-0.085
108.143	-0.216
108.1435	-0.385
108.144	-0.595
108.1445	-0.838
108.145	-1.073
108.1455	-1.231
108.146	-1.242
108.1465	-1.077
108.147	-0.769
108.1475	-0.391
108.148	-0.027
108.1485	0.260
108.149	0.438
108.1495	0.514
108.15	0.508
108.1505	0.440
108.151	0.347
108.1515	0.244
108.152	0.143
108.1525	0.063
108.153	0.018
108.1535	0.015
108.154	0.042
108.1545	0.082
108.155	0.118
108.1555	0.143
108.156	0.154
108.1565	0.160
108.157	0.167
108.1575	0.182
108.158	0.209
108.1585	0.240
108.159	0.269
108.1595	0.292
108.16	0.307
108.1605	0.316
108.161	0.329
108.1615	0.356
108.162	0.397
108.1625	0.445
108.163	0.485
108.1635	0.507
108.164	0.510
108.1645	0.502
108.165	0.497
108.1655	0.499
108.166	0.502
108.1665	0.498
108.167	0.482
108.1675	0.456
108.168	0.423
108.1685	0.390
108.169	0.363
108.1695	0.346
108.17	0.328
108.1705	0.305
108.171	0.289
108.1715	0.277
108.172	0.270
108.1725	0.270
108.173	0.274
108.1735	0.279
108.174	0.280
108.1745	0.270
108.175	0.245
108.1755	0.204
108.176	0.156
108.1765	0.119
108.177	0.099
108.1775	0.099
108.178	0.108
108.1785	0.115
108.179	0.116
108.1795	0.110
108.18	0.107
108.1805	0.120
108.181	0.151
108.1815	0.191
108.182	0.227
108.1825	0.250
108.183	0.259
108.1835	0.253
108.184	0.238
108.1845	0.220
108.185	0.204
108.1855	0.196
108.186	0.191
108.1865	0.187
108.187	0.179
108.1875	0.165
108.188	0.146
108.1885	0.125
108.189	0.107
108.1895	0.097
108.19	0.089
108.1905	0.069
108.191	0.040
108.1915	-0.002
108.192	-0.057
108.1925	-0.115
108.193	-0.171
108.1935	-0.218
108.194	-0.246
108.1945	-0.258
108.195	-0.261
108.1955	-0.260
108.196	-0.255
108.1965	-0.238
108.197	-0.199
108.1975	-0.140
108.198	-0.076
108.1985	-0.022
108.199	0.014
108.1995	0.031
108.2	0.038
108.2005	0.043
108.201	0.054
108.2015	0.075
108.202	0.106
108.2025	0.142
108.203	0.176
108.2035	0.200
108.204	0.214
108.2045	0.218
108.205	0.219
108.2055	0.221
108.206	0.222
108.2065	0.217
108.207	0.198
108.2075	0.167
108.208	0.132
108.2085	0.101
108.209	0.076
108.2095	0.050
108.21	0.020
108.2105	-0.008
108.211	-0.023
108.2115	-0.028
108.212	-0.028
108.2125	-0.023
108.213	-0.014
108.2135	-0.001
108.214	0.014
108.2145	0.027
108.215	0.036
108.2155	0.041
108.216	0.038
108.2165	0.031
108.217	0.027
108.2175	0.032
108.218	0.043
108.2185	0.051
108.219	0.044
108.2195	0.018
108.22	-0.015
108.2205	-0.040
108.221	-0.049
108.2215	-0.039
108.222	-0.012
108.2225	0.019
108.223	0.021
108.2235	-0.037
108.224	-0.164
108.2245	-0.353
108.225	-0.588
108.2255	-0.853
108.226	-1.106
108.2265	-1.282
108.227	-1.322
108.2275	-1.199
108.228	-0.932
108.2285	-0.575
108.229	-0.207
108.2295	0.108
108.23	0.320
108.2305	0.405
108.231	0.394
108.2315	0.319
108.232	0.215
108.2325	0.120
108.233	0.052
108.2335	0.013
108.234	-0.007
108.2345	-0.025
108.235	-0.041
108.2355	-0.047
108.236	-0.031
108.2365	0.010
108.237	0.065
108.2375	0.116
108.238	0.149
108.2385	0.165
108.239	0.175
108.2395	0.192
108.24	0.225
108.2405	0.273
108.241	0.329
108.2415	0.382
108.242	0.416
108.2425	0.425
108.243	0.419
108.2435	0.414
108.244	0.423
108.2445	0.449
108.245	0.485
108.2455	0.517
108.246	0.531
108.2465	0.522
108.247	0.501
108.2475	0.479
108.248	0.462
108.2485	0.452
108.249	0.445
108.2495	0.433
108.25	0.402
108.2505	0.358
108.251	0.327
108.2515	0.318
108.252	0.331
108.2525	0.354
108.253	0.369
108.2535	0.365
108.254	0.336
108.2545	0.295
108.255	0.257
108.2555	0.226
108.256	0.206
108.2565	0.201
108.257	0.202
108.2575	0.196
108.258	0.178
108.2585	0.151
108.259	0.126
108.2595	0.115
108.26	0.120
108.2605	0.138
108.261	0.165
108.2615	0.190
108.262	0.209
108.2625	0.220
108.263	0.228
108.2635	0.239
108.264	0.251
108.2645	0.255
108.265	0.241
108.2655	0.208
108.266	0.167
108.2665	0.130
108.267	0.105
108.2675	0.098
108.268	0.104
108.2685	0.117
108.269	0.130
108.2695	0.137
108.27	0.126
108.2705	0.102
108.271	0.082
108.2715	0.068
108.272	0.063
108.2725	0.059
108.273	0.044
108.2735	0.006
108.274	-0.053
108.2745	-0.124
108.275	-0.196
108.2755	-0.253
108.276	-0.286
108.2765	-0.298
108.277	-0.299
108.2775	-0.293
108.278	-0.282
108.2785	-0.265
108.279	-0.234
108.2795	-0.188
108.28	-0.129
108.2805	-0.063
108.281	-0.002
108.2815	0.043
108.282	0.070
108.2825	0.087
108.283	0.104
108.2835	0.132
108.284	0.169
108.2845	0.207
108.285	0.229
108.2855	0.224
108.286	0.196
108.2865	0.163
108.287	0.148
108.2875	0.162
108.288	0.202
108.2885	0.251
108.289	0.286
108.2895	0.297
108.29	0.283
108.2905	0.255
108.291	0.238
108.2915	0.233
108.292	0.233
108.2925	0.232
108.293	0.223
108.2935	0.206
108.294	0.183
108.2945	0.163
108.295	0.150
108.2955	0.146
108.296	0.145
108.2965	0.141
108.297	0.132
108.2975	0.121
108.298	0.108
108.2985	0.098
108.299	0.091
108.2995	0.082
108.3	0.068
108.3005	0.050
108.301	0.035
108.3015	0.028
108.302	0.034
108.3025	0.051
108.303	0.073
108.3035	0.078
108.304	0.044
108.3045	-0.046
108.305	-0.200
108.3055	-0.408
108.306	-0.646
108.3065	-0.900
108.307	-1.144
108.3075	-1.331
108.308	-1.398
108.3085	-1.305
108.309	-1.059
108.3095	-0.708
108.31	-0.334
108.3105	-0.011
108.311	0.221
108.3115	0.343
108.312	0.369
108.3125	0.336
108.313	0.274
108.3135	0.207
108.314	0.146
108.3145	0.096
108.315	0.053
108.3155	0.019
108.316	0.000
108.3165	0.003
108.317	0.027
108.3175	0.065
108.318	0.105
108.3185	0.135
108.319	0.149
108.3195	0.148
108.32	0.142
108.3205	0.137
108.321	0.136
108.3215	0.135
108.322	0.140
108.3225	0.158
108.323	0.186
108.3235	0.212
108.324	0.236
108.3245	0.263
108.325	0.296
108.3255	0.335
108.326	0.372
108.3265	0.397
108.327	0.402
108.3275	0.389
108.328	0.363
108.3285	0.339
108.329	0.330
108.3295	0.331
108.33	0.331
108.3305	0.314
108.331	0.273
108.3315	0.221
108.332	0.180
108.3325	0.167
108.333	0.178
108.3335	0.199
108.334	0.211
108.3345	0.206
108.335	0.184
108.3355	0.157
108.336	0.132
108.3365	0.114
108.337	0.101
108.3375	0.088
108.338	0.067
108.3385	0.040
108.339	0.013
108.3395	-0.006
108.34	-0.008
108.3405	0.011
108.341	0.042
108.3415	0.074
108.342	0.093
108.3425	0.098
108.343	0.100
108.3435	0.107
108.344	0.124
108.3445	0.146
108.345	0.164
108.3455	0.172
108.346	0.164
108.3465	0.145
108.347	0.122
108.3475	0.104
108.348	0.098
108.3485	0.098
108.349	0.094
108.3495	0.084
108.35	0.066
108.3505	0.040
108.351	0.020
108.3515	0.012
108.352	0.018
108.3525	0.033
108.353	0.036
108.3535	0.014
108.354	-0.035
108.3545	-0.101
108.355	-0.162
108.3555	-0.202
108.356	-0.217
108.3565	-0.217
108.357	-0.215
108.3575	-0.221
108.358	-0.233
108.3585	-0.239
108.359	-0.234
108.3595	-0.216
108.36	-0.189
108.3605	-0.157
108.361	-0.119
108.3615	-0.077
108.362	-0.036
108.3625	-0.001
108.363	0.031
108.3635	0.062
108.364	0.092
108.3645	0.116
108.365	0.129
108.3655	0.133
108.366	0.129
108.3665	0.115
108.367	0.095
108.3675	0.074
108.368	0.055
108.3685	0.045
108.369	0.043
108.3695	0.047
108.37	0.046
108.3705	0.046
108.371	0.058
108.3715	0.080
108.372	0.105
108.3725	0.126
108.373	0.134
108.3735	0.126
108.374	0.108
108.3745	0.090
108.375	0.082
108.3755	0.085
108.376	0.087
108.3765	0.075
108.377	0.048
108.3775	0.012
108.378	-0.022
108.3785	-0.042
108.379	-0.043
108.3795	-0.027
108.38	-0.004
108.3805	0.015
108.381	0.019
108.3815	0.011
108.382	0.001
108.3825	-0.000
108.383	0.014
108.3835	0.040
108.384	0.066
108.3845	0.078
108.385	0.061
108.3855	-0.003
108.386	-0.126
108.3865	-0.306
108.387	-0.532
108.3875	-0.784
108.388	-1.045
108.3885	-1.296
108.389	-1.488
108.3895	-1.564
108.39	-1.478
108.3905	-1.229
108.391	-0.868
108.3915	-0.471
108.392	-0.116
108.3925	0.145
108.393	0.296
108.3935	0.344
108.394	0.317
108.3945	0.249
108.395	0.167
108.3955	0.085
108.396	0.015
108.3965	-0.039
108.397	-0.069
108.3975	-0.071
108.398	-0.046
108.3985	-0.000
108.399	0.058
108.3995	0.108
108.4	0.131
108.4005	0.129
108.401	0.122
108.4015	0.126
108.402	0.148
108.4025	0.185
108.403	0.226
108.4035	0.263
108.404	0.288
108.4045	0.301
108.405	0.307
108.4055	0.312
108.406	0.319
108.4065	0.325
108.407	0.325
108.4075	0.311
108.408	0.286
108.4085	0.257
108.409	0.231
108.4095	0.208
108.41	0.198
108.4105	0.202
108.411	0.202
108.4115	0.199
108.412	0.192
108.4125	0.186
108.413	0.191
108.4135	0.210
108.414	0.240
108.4145	0.268
108.415	0.279
108.4155	0.265
108.416	0.235
108.4165	0.205
108.417	0.186
108.4175	0.181
108.418	0.182
108.4185	0.176
108.419	0.149
108.4195	0.102
108.42	0.055
108.4205	0.029
108.421	0.030
108.4215	0.056
108.422	0.093
108.4225	0.126
108.423	0.146
108.4235	0.150
108.424	0.144
108.4245	0.138
108.425	0.139
108.4255	0.147
108.426	0.151
108.4265	0.140
108.427	0.109
108.4275	0.071
108.428	0.036
108.4285	0.015
108.429	0.012
108.4295	0.024
108.43	0.043
108.4305	0.059
108.431	0.060
108.4315	0.044
108.432	0.021
108.4325	0.008
108.433	0.014
108.4335	0.038
108.434	0.065
108.4345	0.080
108.435	0.075
108.4355	0.050
108.436	0.013
108.4365	-0.028
108.437	-0.064
108.4375	-0.090
108.438	-0.114
108.4385	-0.142
108.439	-0.173
108.4395	-0.199
108.44	-0.205
108.4405	-0.183
108.441	-0.130
108.4415	-0.052
108.442	0.033
108.4425	0.103
108.443	0.148
108.4435	0.169
108.444	0.178
108.4445	0.185
108.445	0.198
108.4455	0.216
108.446	0.230
108.4465	0.233
108.447	0.214
108.4475	0.176
108.448	0.134
108.4485	0.105
108.449	0.097
108.4495	0.100
108.45	0.099
108.4505	0.090
108.451	0.076
108.4515	0.066
108.452	0.067
108.4525	0.082
108.453	0.103
108.4535	0.116
108.454	0.101
108.4545	0.059
108.455	0.014
108.4555	-0.010
108.456	-0.004
108.4565	0.027
108.457	0.068
108.4575	0.097
108.458	0.103
108.4585	0.096
108.459	0.090
108.4595	0.095
108.46	0.114
108.4605	0.138
108.461	0.153
108.4615	0.152
108.462	0.141
108.4625	0.132
108.463	0.136
108.4635	0.155
108.464	0.178
108.4645	0.194
108.465	0.189
108.4655	0.162
108.466	0.121
108.4665	0.071
108.467	0.021
108.4675	-0.028
108.468	-0.100
108.4685	-0.227
108.469	-0.427
108.4695	-0.692
